2
5
5
11
16
16
20
26
27
29
30
30
30
30
32
39
40
40
41
42
44
45
45
46
48
48
49
51
51
52
52
53
53
55
58
59
59
60
60
63
64
64
68
68
68
76
77
80
80
87
88
91
94
94
97
97
97
97
97
98
98
103
106
112
113
113
114
115
117
120
121
121
122
123
125
126
126
127
128
128
131
132
135
137
139
141
142
145
148
149
149
150
150
156
157
159
159
161
162
164
165
165
167
173
173
174
177
178
182
182
184
186
186
188
192
192
192
197
198
198
200
200
200
201
202
202
204
204
205
205
205
206
207
207
211
214
216
220
223
224
226
229
230
232
233
233
234
234
235
239
239
240
242
244
246
248
250
250
251
251
251
252
254
254
258
258
261
263
263
265
266
266
267
271
272
273
274
278
281
287
288
288
290
292
294
294
294
298
300
301
301
301
301
303
303
305
306
306
310
310
311
314
314
314
320
321
323
324
326
326
327
337
339
341
342
343
344
345
346
348
350
353
355
355
355
356
358
361
362
363
364
366
366
367
367
368
368
371
371
373
374
374
375
377
377
379
379
380
381
381
383
387
389
390
391
392
393
393
398
400
402
403
405
406
407
408
409
410
411
412
412
417
417
417
418
420
421
422
423
423
424
425
427
427
427
428
428
428
431
432
432
435
441
442
443
443
444
444
444
444
448
448
449
451
452
452
455
459
460
460
461
461
463
463
464
464
465
465
465
467
467
471
472
472
473
475
476
477
477
480
480
480
481
482
482
484
484
485
486
490
490
493
496
497
498
499
501
501
503
503
505
506
508
513
514
514
516
516
518
522
526
526
527
529
530
531
532
534
535
538
539
541
542
544
546
546
547
548
549
549
557
558
559
561
568
569
570
570
574
575
577
577
578
580
582
582
583
584
585
587
588
590
590
591
592
598
599
600
600
600
602
606
609
610
610
610
611
611
611
612
614
615
616
617
618
619
619
620
620
621
623
625
627
629
633
635
636
637
638
641
644
644
645
648
649
649
649
650
653
654
654
664
664
664
669
669
671
672
673
674
675
678
680
681
682
683
692
692
693
697
702
702
705
705
705
707
709
709
712
713
713
713
713
715
715
716
718
718
720
725
726
727
727
729
729
731
732
732
732
733
734
735
736
738
738
738
738
739
739
740
740
742
743
743
743
744
745
746
746
747
748
752
753
754
761
765
765
767
770
771
771
773
774
774
775
777
777
780
781
782
783
784
786
790
795
795
796
796
797
798
799
800
800
801
802
804
805
805
805
808
808
811
811
811
812
817
818
820
820
822
825
825
828
830
831
832
833
836
844
844
845
847
849
850
854
854
854
854
855
856
856
856
856
858
859
859
860
861
861
862
864
866
867
868
871
871
880
881
882
888
889
892
893
894
896
899
899
899
900
902
905
906
907
909
912
912
912
914
916
916
919
921
924
925
926
928
929
930
931
936
937
937
937
938
940
940
941
942
942
943
944
944
946
947
948
948
948
948
949
950
951
953
954
955
962
966
967
969
969
971
972
973
977
979
981
982
982
984
986
987
988
989
989
990
991
992
993
994
994
995
997
998
998
1000
1000
1000
1002
1002
1005
1006
1006
1008
1010
1011
1012
1012
1013
1014
1018
1019
1020
1021
1022
1025
1025
1028
1029
1029
1030
1030
1031
1038
1038
1042
1043
1043
1048
1048
1049
1049
1050
1051
1052
1052
1053
1055
1061
1062
1062
1062
1064
1064
1065
1067
1068
1069
1071
1071
1072
1072
1073
1074
1077
1078
1080
1081
1082
1083
1083
1084
1085
1086
1086
1089
1090
1094
1099
1100
1106
1106
1110
1111
1119
1120
1121
1122
1127
1128
1131
1131
1132
1133
1136
1142
1143
1144
1144
1145
1146
1146
1146
1148
1149
1150
1151
1152
1157
1157
1158
1162
1162
1163
1165
1168
1168
1171
1173
1173
1174
1177
1177
1182
1186
1186
1187
1190
1190
1195
1195
1196
1197
1200
1201
1202
1202
1203
1203
1205
1206
1207
1208
1209
1210
1214
1214
1217
1219
1219
1220
1220
1222
1226
1227
1227
1231
1233
1236
1237
1237
1238
1240
1243
1244
1244
1245
1247
1250
1250
1250
1254
1258
1259
1261
1262
1262
1264
1264
1264
1266
1267
1267
1267
1271
1272
1274
1274
1274
1276
1278
1279
1279
1280
1284
1285
1287
1287
1288
1290
1292
1294
1295
1298
1298
1298
1300
1301
1304
1306
1307
1308
1311
1311
1311
1311
1312
1312
1312
1313
1313
1318
1318
1319
1320
1322
1322
1324
1327
1328
1329
1330
1331
1331
1331
1332
1333
1334
1335
1336
1337
1337
1338
1339
1339
1341
1342
1343
1344
1347
1347
1348
1348
1349
1352
1353
1357
1359
1361
1364
1366
1368
1368
1369
1369
1370
1371
1373
1373
1374
1374
1375
1377
1381
1384
1384
1385
1386
1386
1387
1387
1388
1391
1392
1393
1394
1399
1400
1400
1401
1404
1404
1407
1410
1411
1412
1413
1416
1416
1421
1421
1421
1425
1425
1426
1426
1428
1429
1433
1433
1438
1440
1440
1442
1445
1445
1446
1453
1455
1456
1457
1458
1462
1464
1466
1471
1473
1474
1474
1474
1474
1480
1481
1484
1484
1492
1495
1496
1496
1497
1497
1498
1499
1500
1501
1502
1503
1505
1506
1508
1511
1511
1514
1515
1515
1517
1517
1519
1519
1520
1522
1523
1523
1524
1524
1525
1528
1529
1529
1530
1532
1535
1535
1539
1541
1544
1544
1545
1546
1547
1549
1549
1550
1552
1552
1556
1557
1559
1561
1561
1563
1564
1565
1566
1571
1573
1574
1574
1575
1576
1579
1579
1579
1580
1580
1580
1581
1582
1582
1582
1584
1585
1585
1586
1586
1587
1587
1588
1589
1589
1593
1594
1595
1595
1597
1598
1599
1600
1604
1608
1608
1610
1611
1611
1613
1614
1615
1616
1616
1617
1617
1618
1619
1619
1626
1627
1628
1628
1631
1632
1632
1633
1634
1635
1636
1636
1637
1639
1643
1643
1644
1644
1645
1645
1646
1646
1646
1647
1647
1648
1650
1651
1652
1652
1652
1652
1653
1653
1653
1654
1654
1655
1657
1658
1659
1660
1663
1667
1669
1669
1670
1674
1675
1677
1678
1678
1679
1681
1681
1682
1684
1684
1685
1687
1690
1692
1695
1695
1696
1697
1698
1699
1705
1708
1708
1710
1711
1711
1712
1713
1714
1715
1717
1718
1719
1720
1722
1722
1725
1727
1727
1727
1728
1729
1731
1732
1740
1741
1741
1742
1743
1746
1748
1749
1749
1750
1752
1754
1754
1754
1755
1755
1758
1759
1760
1761
1764
1765
1765
1766
1768
1768
1772
1775
1775
1776
1776
1777
1777
1778
1780
1781
1782
1786
1786
1787
1789
1790
1793
1797
1798
1799
1804
1807
1810
1810
1812
1812
1813
1813
1813
1813
1813
1814
1816
1817
1817
1817
1819
1819
1821
1822
1824
1824
1825
1828
1829
1829
1830
1831
1832
1835
1836
1839
1839
1846
1849
1851
1852
1853
1855
1857
1858
1862
1862
1863
1864
1865
1865
1868
1870
1873
1873
1873
1876
1876
1877
1878
1879
1881
1882
1883
1883
1883
1884
1884
1884
1885
1886
1887
1889
1892
1893
1895
1897
1899
1899
1901
1902
1903
1904
1906
1908
1909
1909
1913
1916
1916
1916
1917
1922
1923
1924
1925
1926
1926
1928
1930
1931
1933
1937
1938
1939
1941
1946
1947
1951
1955
1957
1957
1959
1959
1961
1962
1963
1963
1963
1964
1965
1966
1966
1966
1967
1967
1968
1969
1969
1969
1969
1971
1974
1979
1980
1984
1986
1987
1988
1988
1988
1988
1993
1993
1996
2000
2001
2003
2005
2005
2008
2010
2010
2012
2012
2012
2015
2018
2019
2021
2024
2024
2027
2028
2031
2031
2032
2035
2038
2039
2041
2041
2042
2046
2048
2051
2052
2053
2054
2056
2056
2058
2059
2062
2063
2063
2065
2065
2065
2066
2067
2068
2068
2068
2068
2068
2070
2071
2073
2074
2077
2079
2083
2084
2085
2087
2089
2092
2093
2095
2095
2098
2098
2098
2099
2100
2101
2102
2102
2103
2106
2107
2107
2109
2111
2112
2114
2115
2117
2121
2122
2122
2123
2124
2125
2127
2128
2128
2128
2129
2131
2133
2136
2137
2137
2138
2140
2142
2144
2145
2150
2152
2153
2154
2154
2157
2158
2159
2159
2159
2160
2161
2162
2162
2163
2164
2165
2165
2166
2167
2167
2168
2169
2169
2171
2172
2175
2176
2176
2176
2177
2178
2178
2179
2184
2187
2188
2188
2188
2189
2190
2190
2191
2192
2192
2192
2194
2195
2195
2195
2196
2196
2198
2199
2199
2200
2202
2202
2203
2207
2208
2210
2210
2212
2216
2216
2216
2216
2216
2219
2220
2221
2222
2222
2225
2225
2226
2226
2227
2228
2228
2237
2238
2239
2239
2242
2243
2245
2245
2246
2248
2250
2250
2252
2252
2253
2256
2256
2257
2260
2262
2262
2263
2263
2266
2268
2269
2270
2270
2274
2275
2276
2277
2278
2278
2279
2279
2281
2281
2282
2283
2284
2286
2287
2287
2289
2291
2291
2292
2292
2293
2295
2295
2297
2302
2303
2305
2306
2307
2308
2308
2308
2308
2312
2320
2320
2321
2322
2325
2327
2328
2329
2329
2331
2331
2333
2335
2339
2339
2339
2339
2340
2340
2340
2340
2345
2346
2347
2350
2350
2352
2354
2354
2355
2355
2357
2357
2358
2358
2358
2361
2361
2362
2363
2368
2368
2372
2372
2375
2376
2376
2377
2378
2381
2383
2386
2386
2389
2391
2393
2393
2395
2397
2402
2402
2402
2403
2407
2408
2409
2409
2410
2412
2414
2414
2414
2419
2420
2420
2422
2423
2426
2430
2432
2434
2436
2438
2438
2442
2443
2444
2445
2449
2451
2455
2456
2457
2458
2460
2460
2461
2462
2463
2463
2464
2464
2466
2466
2467
2467
2468
2470
2470
2472
2478
2479
2480
2481
2483
2484
2485
2488
2490
2491
2492
2492
2494
2496
2498
2498
2499
2500
2501
2501
2504
2504
2505
2505
2509
2511
2513
2515
2515
2515
2516
2520
2520
2526
2527
2528
2528
2531
2532
2534
2534
2535
2535
2536
2536
2536
2537
2538
2540
2547
2548
2548
2549
2549
2550
2550
2552
2552
2554
2558
2558
2561
2562
2564
2564
2564
2564
2570
2572
2574
2575
2575
2579
2581
2582
2583
2583
2590
2591
2591
2598
2599
2600
2602
2602
2602
2603
2603
2605
2605
2607
2607
2608
2609
2610
2615
2616
2617
2619
2620
2620
2620
2624
2630
2630
2633
2635
2637
2637
2638
2640
2641
2642
2645
2645
2646
2650
2651
2653
2653
2656
2660
2660
2662
2662
2662
2663
2664
2665
2665
2665
2670
2674
2675
2676
2676
2680
2683
2683
2683
2687
2690
2692
2692
2692
2694
2695
2698
2698
2701
2703
2705
2706
2706
2707
2708
2708
2709
2710
2710
2712
2713
2718
2718
2719
2722
2723
2724
2725
2727
2729
2733
2733
2733
2736
2737
2741
2742
2743
2744
2745
2745
2747
2749
2750
2750
2751
2751
2751
2751
2755
2756
2758
2760
2760
2761
2766
2766
2767
2768
2770
2770
2770
2772
2773
2775
2779
2780
2783
2785
2786
2788
2789
2789
2791
2792
2793
2795
2797
2800
2802
2803
2804
2805
2806
2806
2807
2808
2810
2813
2818
2819
2819
2822
2824
2825
2826
2829
2832
2832
2833
2834
2834
2835
2840
2841
2841
2842
2843
2843
2843
2845
2846
2846
2848
2848
2848
2849
2850
2850
2851
2851
2856
2856
2857
2858
2862
2866
2869
2869
2870
2872
2873
2874
2874
2876
2876
2878
2881
2881
2881
2882
2882
2883
2888
2891
2891
2893
2893
2901
2903
2904
2904
2904
2905
2908
2910
2910
2911
2911
2913
2914
2914
2915
2916
2916
2917
2921
2921
2922
2923
2924
2925
2926
2928
2929
2929
2929
2935
2936
2938
2939
2941
2941
2944
2946
2949
2949
2949
2949
2950
2950
2951
2953
2953
2958
2960
2961
2962
2964
2965
2967
2967
2970
2971
2976
2978
2978
2979
2982
2983
2985
2986
2986
2988
2990
2991
2991
2992
2995
2997
2997
2999
2999
3000
3005
3005
3009
3012
3012
3013
3013
3016
3018
3024
3026
3033
3033
3034
3036
3036
3038
3038
3039
3039
3040
3041
3047
3049
3049
3052
3052
3053
3057
3058
3058
3059
3065
3066
3067
3068
3070
3071
3072
3074
3075
3075
3075
3078
3078
3079
3079
3081
3085
3085
3086
3088
3089
3089
3091
3091
3094
3096
3098
3098
3099
3099
3100
3100
3101
3106
3111
3111
3112
3112
3112
3113
3117
3118
3121
3122
3122
3122
3123
3125
3125
3126
3127
3127
3128
3133
3135
3136
3137
3138
3139
3139
3140
3143
3144
3146
3147
3148
3149
3150
3150
3151
3151
3151
3153
3154
3159
3161
3164
3166
3169
3171
3174
3177
3179
3180
3184
3185
3190
3193
3195
3196
3196
3198
3199
3200
3201
3201
3202
3202
3203
3203
3205
3205
3207
3207
3207
3208
3211
3211
3212
3216
3216
3219
3220
3220
3220
3220
3220
3224
3225
3227
3227
3230
3231
3238
3238
3240
3240
3241
3244
3247
3251
3253
3255
3256
3257
3257
3258
3259
3259
3260
3261
3262
3270
3274
3278
3278
3279
3279
3280
3280
3283
3285
3289
3290
3291
3294
3294
3296
3300
3302
3305
3305
3308
3311
3311
3312
3313
3313
3314
3318
3318
3319
3320
3322
3323
3325
3326
3328
3328
3329
3329
3332
3333
3338
3341
3343
3343
3344
3345
3347
3348
3352
3352
3353
3357
3360
3360
3363
3367
3371
3371
3372
3372
3376
3384
3387
3389
3390
3393
3394
3397
3400
3404
3405
3405
3406
3407
3409
3410
3410
3410
3412
3413
3414
3416
3418
3421
3421
3421
3421
3421
3426
3426
3431
3431
3432
3432
3434
3435
3436
3438
3438
3439
3440
3441
3444
3444
3445
3448
3448
3450
3450
3450
3452
3453
3453
3455
3457
3460
3462
3464
3465
3465
3466
3467
3470
3471
3474
3476
3476
3477
3480
3481
3483
3487
3492
3495
3496
3496
3496
3496
3497
3506
3507
3508
3508
3510
3510
3511
3513
3515
3515
3516
3516
3517
3518
3519
3520
3521
3521
3522
3523
3525
3525
3526
3526
3527
3528
3531
3533
3533
3534
3535
3537
3537
3540
3542
3543
3544
3544
3545
3547
3547
3551
3552
3555
3558
3561
3562
3563
3564
3566
3568
3570
3570
3572
3573
3575
3575
3576
3576
3577
3577
3578
3580
3582
3582
3585
3588
3590
3592
3592
3594
3594
3596
3601
3601
3602
3606
3606
3607
3609
3610
3610
3613
3615
3616
3626
3633
3634
3636
3638
3638
3638
3639
3639
3641
3641
3642
3642
3644
3646
3647
3648
3650
3652
3652
3653
3655
3657
3658
3659
3661
3661
3661
3664
3664
3666
3666
3667
3667
3667
3668
3669
3669
3669
3675
3677
3678
3678
3680
3681
3681
3683
3684
3686
3686
3688
3689
3690
3693
3698
3700
3701
3702
3702
3703
3703
3704
3704
3704
3704
3706
3706
3708
3711
3712
3712
3715
3717
3718
3719
3722
3727
3728
3728
3729
3731
3733
3739
3740
3740
3741
3743
3744
3744
3745
3745
3749
3749
3750
3750
3750
3752
3752
3752
3753
3755
3756
3756
3757
3758
3760
3760
3762
3765
3765
3772
3772
3774
3775
3775
3777
3778
3779
3781
3781
3782
3782
3783
3785
3786
3790
3792
3792
3795
3797
3797
3799
3802
3807
3809
3809
3810
3811
3811
3812
3813
3813
3816
3816
3817
3820
3821
3821
3821
3822
3826
3828
3829
3829
3831
3832
3833
3833
3834
3835
3839
3842
3843
3849
3849
3850
3856
3856
3857
3857
3858
3860
3861
3862
3862
3865
3871
3871
3872
3876
3877
3880
3881
3882
3884
3885
3887
3890
3891
3892
3896
3897
3903
3904
3905
3907
3915
3915
3916
3921
3925
3925
3927
3927
3928
3928
3928
3932
3932
3932
3933
3933
3935
3936
3938
3938
3939
3940
3941
3942
3944
3951
3952
3953
3953
3954
3956
3957
3959
3960
3962
3962
3963
3967
3970
3972
3972
3973
3973
3979
3982
3984
3984
3986
3987
3987
3989
3990
3991
3996
3996
3998
4000
4001
4001
4001
4003
4004
4004
4005
4006
4006
4007
4008
4009
4013
4013
4014
4019
4023
4026
4026
4027
4027
4029
4031
4031
4033
4035
4038
4039
4041
4041
4042
4043
4044
4045
4046
4047
4047
4048
4048
4049
4049
4052
4053
4053
4053
4056
4056
4058
4060
4062
4062
4063
4064
4064
4066
4068
4071
4072
4073
4075
4076
4077
4077
4080
4080
4080
4082
4084
4087
4088
4090
4091
4091
4094
4095
4095
4096
4097
4097
4100
4102
4102
4111
4112
4114
4114
4115
4116
4118
4118
4119
4119
4120
4121
4121
4121
4124
4125
4125
4125
4127
4129
4129
4131
4131
4132
4132
4133
4135
4141
4142
4143
4144
4146
4146
4146
4147
4148
4149
4149
4149
4149
4149
4151
4153
4155
4155
4155
4156
4158
4162
4163
4163
4166
4170
4171
4172
4173
4174
4175
4177
4177
4178
4179
4182
4183
4185
4187
4187
4188
4191
4198
4200
4200
4202
4203
4203
4205
4211
4211
4212
4213
4214
4216
4216
4221
4223
4223
4224
4228
4230
4233
4236
4236
4237
4237
4239
4240
4240
4242
4246
4247
4249
4252
4255
4256
4256
4257
4261
4262
4263
4264
4266
4268
4270
4271
4271
4274
4276
4276
4276
4280
4283
4284
4285
4285
4286
4288
4291
4294
4294
4294
4296
4298
4298
4299
4301
4302
4302
4303
4303
4304
4306
4306
4307
4308
4308
4308
4309
4312
4314
4319
4321
4321
4322
4322
4324
4326
4327
4328
4329
4330
4330
4332
4333
4333
4333
4335
4335
4336
4338
4339
4341
4342
4343
4343
4344
4344
4345
4348
4348
4349
4350
4350
4351
4351
4352
4353
4354
4356
4358
4359
4360
4362
4363
4367
4370
4370
4370
4370
4372
4372
4373
4375
4377
4382
4386
4391
4392
4392
4394
4397
4398
4398
4398
4399
4399
4402
4403
4406
4409
4410
4410
4415
4415
4416
4416
4418
4418
4418
4421
4422
4423
4427
4427
4427
4434
4434
4439
4441
4442
4443
4443
4446
4448
4448
4449
4449
4449
4453
4453
4455
4456
4456
4459
4459
4462
4463
4466
4467
4468
4468
4470
4471
4471
4476
4476
4477
4479
4479
4479
4480
4481
4482
4485
4485
4489
4490
4492
4499
4502
4504
4508
4511
4511
4512
4512
4514
4514
4514
4514
4515
4515
4516
4518
4519
4519
4525
4525
4529
4529
4530
4531
4532
4535
4536
4539
4539
4541
4543
4543
4544
4544
4544
4545
4545
4545
4547
4548
4548
4549
4551
4552
4554
4557
4557
4558
4562
4564
4566
4566
4567
4568
4569
4569
4573
4575
4575
4576
4576
4577
4578
4581
4581
4582
4583
4583
4585
4589
4591
4592
4596
4596
4598
4598
4600
4600
4604
4606
4606
4607
4607
4608
4609
4609
4611
4611
4612
4612
4612
4612
4613
4613
4614
4614
4615
4615
4618
4619
4623
4623
4624
4624
4626
4628
4630
4630
4632
4635
4636
4639
4640
4642
4642
4643
4645
4648
4648
4649
4651
4656
4660
4661
4662
4662
4663
4664
4667
4667
4669
4669
4670
4670
4672
4673
4674
4674
4676
4678
4680
4681
4684
4685
4686
4688
4689
4692
4695
4697
4699
4700
4701
4701
4703
4704
4704
4706
4708
4710
4714
4714
4717
4720
4721
4722
4723
4723
4724
4726
4726
4727
4734
4738
4739
4739
4746
4746
4748
4748
4750
4752
4752
4752
4753
4754
4763
4764
4765
4767
4771
4771
4771
4772
4776
4778
4780
4780
4784
4787
4788
4788
4790
4791
4793
4794
4797
4797
4797
4799
4802
4802
4802
4803
4805
4805
4806
4807
4810
4810
4810
4811
4811
4811
4811
4812
4812
4813
4813
4815
4815
4819
4819
4820
4820
4821
4821
4822
4824
4825
4826
4827
4828
4829
4830
4832
4832
4835
4836
4836
4838
4840
4841
4841
4842
4844
4844
4847
4847
4848
4850
4852
4853
4854
4855
4855
4856
4856
4858
4860
4861
4864
4864
4866
4869
4869
4871
4873
4874
4876
4876
4879
4883
4883
4885
4887
4889
4889
4891
4893
4895
4897
4899
4899
4900
4903
4905
4906
4906
4908
4909
4910
4910
4914
4916
4917
4919
4920
4920
4920
4921
4924
4932
4933
4937
4938
4939
4941
4944
4944
4945
4945
4947
4948
4950
4951
4953
4953
4956
4958
4958
4961
4962
4962
4964
4969
4970
4970
4971
4973
4977
4977
4978
4978
4981
4981
4981
4981
4983
4987
4990
4992
4992
4994
4995
4996
4997
5002
5002
5003
5004
5006
5007
5007
5008
5009
5010
5011
5014
5015
5016
5020
5020
5023
5024
5025
5025
5025
5025
5026
5027
5027
5027
5029
5032
5032
5033
5039
5041
5041
5042
5044
5047
5048
5048
5051
5052
5053
5054
5055
5057
5057
5059
5062
5063
5067
5068
5070
5072
5073
5073
5075
5075
5075
5076
5077
5077
5077
5079
5081
5082
5085
5091
5091
5092
5093
5093
5094
5096
5097
5100
5102
5103
5103
5104
5105
5106
5107
5110
5110
5111
5111
5112
5113
5113
5114
5114
5116
5117
5119
5119
5120
5120
5122
5123
5123
5125
5126
5127
5128
5130
5130
5132
5136
5138
5139
5139
5141
5145
5146
5146
5148
5151
5152
5157
5157
5158
5159
5162
5164
5165
5165
5165
5167
5168
5168
5169
5169
5171
5171
5171
5174
5181
5182
5183
5184
5187
5187
5190
5191
5194
5196
5198
5199
5205
5206
5207
5208
5208
5209
5215
5216
5217
5217
5220
5224
5224
5226
5226
5228
5229
5229
5229
5231
5231
5231
5231
5232
5233
5239
5239
5240
5240
5241
5241
5242
5243
5246
5248
5253
5253
5254
5256
5256
5257
5257
5257
5260
5261
5261
5263
5264
5264
5266
5266
5269
5270
5271
5275
5276
5278
5279
5279
5279
5281
5283
5292
5293
5294
5295
5296
5297
5298
5303
5304
5306
5309
5310
5315
5316
5317
5318
5319
5320
5321
5323
5324
5329
5329
5330
5332
5335
5336
5336
5338
5338
5339
5343
5344
5345
5346
5346
5347
5348
5350
5350
5352
5355
5361
5362
5363
5364
5370
5374
5375
5378
5378
5389
5390
5394
5396
5398
5400
5403
5404
5405
5407
5408
5411
5417
5420
5421
5422
5423
5423
5423
5424
5426
5427
5429
5429
5429
5432
5432
5437
5438
5438
5439
5440
5442
5446
5447
5447
5450
5451
5451
5452
5452
5454
5457
5457
5459
5459
5460
5460
5464
5465
5466
5467
5471
5472
5473
5474
5477
5479
5479
5480
5483
5484
5485
5486
5488
5491
5492
5492
5493
5496
5496
5498
5499
5502
5504
5505
5505
5506
5507
5508
5509
5510
5511
5514
5514
5517
5519
5520
5520
5520
5521
5524
5529
5536
5538
5538
5540
5541
5542
5544
5545
5548
5548
5549
5549
5550
5551
5552
5553
5554
5554
5555
5555
5557
5557
5557
5561
5564
5566
5566
5566
5567
5567
5568
5570
5571
5573
5575
5576
5576
5576
5578
5579
5582
5582
5582
5582
5585
5588
5588
5589
5590
5590
5594
5594
5595
5596
5597
5598
5599
5603
5603
5604
5605
5608
5610
5613
5613
5613
5614
5617
5617
5617
5619
5621
5622
5623
5623
5624
5625
5626
5626
5627
5628
5629
5630
5630
5631
5633
5637
5637
5638
5641
5642
5642
5642
5643
5645
5649
5650
5652
5652
5654
5659
5660
5661
5662
5664
5664
5666
5668
5669
5670
5673
5676
5676
5676
5676
5676
5677
5678
5681
5682
5683
5684
5686
5687
5688
5694
5694
5695
5695
5695
5697
5699
5702
5704
5705
5706
5706
5707
5708
5708
5708
5712
5713
5713
5718
5720
5721
5721
5722
5725
5726
5727
5733
5734
5738
5742
5744
5745
5746
5747
5748
5752
5752
5753
5755
5756
5756
5757
5757
5758
5761
5763
5764
5765
5768
5769
5770
5773
5776
5778
5778
5778
5780
5781
5781
5781
5781
5782
5784
5785
5787
5787
5789
5789
5790
5792
5792
5793
5794
5794
5796
5797
5797
5798
5800
5802
5803
5805
5805
5806
5808
5811
5811
5811
5812
5813
5813
5815
5818
5819
5823
5824
5826
5828
5830
5831
5831
5831
5832
5832
5833
5834
5837
5838
5839
5841
5844
5845
5845
5848
5852
5853
5853
5854
5856
5860
5861
5862
5866
5868
5871
5873
5873
5874
5876
5877
5879
5879
5880
5880
5882
5883
5887
5889
5889
5895
5898
5901
5903
5903
5904
5910
5910
5913
5917
5917
5917
5918
5918
5919
5919
5919
5924
5925
5927
5929
5931
5936
5937
5937
5942
5943
5944
5947
5947
5948
5951
5954
5954
5956
5956
5956
5956
5958
5960
5960
5961
5964
5965
5969
5969
5971
5973
5973
5975
5978
5983
5983
5985
5986
5987
5987
5993
5993
5995
5996
5998
5998
5999
6001
6001
6002
6003
6004
6004
6005
6005
6006
6008
6008
6011
6013
6015
6018
6019
6020
6020
6021
6024
6028
6029
6030
6030
6030
6030
6031
6032
6032
6034
6035
6037
6038
6041
6042
6043
6045
6047
6047
6047
6052
6056
6056
6058
6061
6066
6066
6068
6069
6069
6070
6070
6072
6073
6078
6082
6085
6086
6086
6086
6095
6096
6102
6102
6103
6105
6107
6108
6109
6110
6111
6113
6115
6116
6118
6119
6120
6122
6123
6124
6125
6130
6130
6132
6132
6139
6139
6139
6139
6142
6143
6145
6147
6148
6150
6150
6151
6152
6152
6153
6155
6156
6161
6161
6161
6162
6164
6168
6170
6178
6181
6182
6185
6185
6185
6187
6189
6190
6192
6193
6194
6195
6198
6199
6200
6200
6205
6206
6207
6209
6209
6213
6215
6217
6219
6220
6220
6220
6220
6221
6221
6221
6221
6221
6224
6226
6228
6228
6235
6235
6236
6240
6240
6241
6244
6244
6246
6247
6247
6247
6248
6248
6250
6254
6256
6258
6259
6260
6264
6265
6266
6266
6272
6272
6273
6274
6275
6276
6279
6279
6283
6283
6286
6288
6291
6295
6296
6298
6299
6300
6300
6302
6302
6306
6307
6307
6309
6311
6311
6311
6314
6314
6315
6319
6319
6321
6322
6324
6324
6327
6328
6328
6328
6330
6331
6333
6334
6338
6339
6339
6341
6342
6343
6343
6345
6345
6347
6348
6349
6351
6352
6356
6359
6359
6360
6361
6361
6362
6363
6363
6363
6365
6366
6368
6368
6371
6372
6373
6373
6374
6375
6377
6379
6380
6380
6381
6383
6384
6386
6389
6391
6392
6397
6399
6402
6404
6405
6406
6406
6407
6413
6416
6421
6425
6427
6427
6427
6428
6432
6433
6433
6435
6438
6440
6440
6441
6442
6445
6446
6446
6448
6451
6451
6451
6452
6452
6453
6455
6457
6458
6459
6460
6462
6463
6464
6464
6465
6467
6467
6470
6470
6472
6472
6473
6475
6479
6486
6486
6488
6489
6490
6490
6493
6495
6496
6498
6501
6504
6505
6506
6506
6507
6509
6511
6511
6511
6514
6518
6518
6519
6525
6526
6527
6528
6528
6533
6536
6538
6538
6539
6539
6540
6541
6542
6542
6545
6554
6556
6559
6560
6564
6565
6566
6568
6570
6570
6571
6572
6574
6576
6576
6578
6579
6581
6582
6582
6583
6585
6587
6587
6590
6593
6596
6596
6597
6598
6599
6602
6605
6606
6606
6609
6611
6611
6611
6611
6613
6614
6615
6616
6617
6617
6618
6620
6621
6622
6623
6624
6624
6624
6625
6626
6628
6631
6634
6635
6636
6638
6638
6640
6641
6641
6642
6644
6645
6648
6649
6654
6654
6655
6656
6657
6657
6657
6658
6659
6660
6663
6665
6666
6670
6671
6671
6672
6673
6674
6675
6677
6677
6678
6678
6681
6682
6684
6686
6686
6686
6687
6688
6689
6689
6691
6693
6694
6697
6698
6699
6699
6700
6702
6705
6706
6707
6711
6711
6716
6718
6718
6718
6718
6720
6723
6724
6725
6726
6728
6731
6734
6736
6737
6739
6739
6740
6741
6742
6742
6745
6745
6746
6750
6751
6751
6751
6755
6756
6757
6759
6762
6762
6762
6763
6764
6766
6766
6768
6771
6772
6772
6774
6776
6777
6779
6781
6786
6787
6789
6789
6790
6792
6794
6794
6799
6801
6801
6802
6805
6805
6807
6807
6811
6813
6813
6813
6816
6819
6821
6822
6823
6824
6824
6825
6825
6832
6833
6834
6836
6837
6838
6839
6841
6842
6842
6843
6844
6848
6848
6849
6850
6850
6851
6851
6853
6854
6855
6859
6861
6863
6864
6869
6869
6870
6871
6873
6874
6875
6877
6878
6880
6882
6885
6888
6888
6889
6891
6893
6895
6896
6898
6898
6899
6899
6900
6900
6901
6901
6901
6902
6903
6907
6908
6909
6910
6910
6910
6911
6913
6913
6914
6915
6917
6918
6920
6921
6921
6922
6925
6925
6925
6925
6927
6927
6928
6930
6932
6933
6935
6935
6936
6937
6938
6943
6943
6944
6944
6945
6945
6946
6947
6947
6949
6954
6955
6955
6955
6959
6960
6960
6960
6961
6963
6964
6968
6968
6970
6971
6971
6972
6974
6975
6976
6976
6978
6978
6979
6979
6979
6982
6982
6983
6985
6985
6986
6989
6990
6991
6991
6992
6992
6992
6992
6993
6994
6996
6999
6999
7003
7009
7012
7014
7014
7017
7017
7022
7022
7025
7029
7031
7034
7036
7037
7040
7042
7042
7044
7044
7049
7050
7053
7054
7056
7056
7057
7058
7063
7063
7063
7063
7064
7065
7065
7066
7067
7067
7067
7069
7069
7075
7075
7080
7080
7080
7081
7081
7082
7083
7084
7084
7085
7085
7086
7088
7089
7090
7091
7093
7095
7096
7096
7097
7098
7098
7098
7102
7103
7106
7106
7107
7108
7109
7109
7110
7110
7110
7111
7111
7113
7113
7115
7115
7116
7117
7117
7124
7126
7127
7129
7131
7134
7139
7141
7142
7143
7143
7143
7144
7146
7147
7149
7149
7150
7152
7153
7157
7157
7157
7158
7158
7158
7159
7159
7160
7160
7162
7163
7163
7165
7170
7170
7171
7176
7176
7177
7181
7183
7188
7188
7188
7189
7190
7192
7192
7192
7193
7196
7200
7200
7201
7203
7206
7208
7208
7211
7212
7212
7212
7214
7215
7218
7220
7222
7223
7224
7225
7225
7227
7227
7231
7231
7234
7234
7235
7236
7237
7238
7239
7243
7243
7244
7246
7247
7248
7248
7249
7250
7253
7254
7258
7261
7262
7262
7263
7263
7264
7266
7267
7267
7271
7273
7275
7275
7277
7277
7279
7281
7282
7282
7282
7283
7283
7285
7287
7290
7290
7292
7292
7294
7295
7296
7297
7299
7300
7301
7304
7308
7309
7310
7310
7311
7312
7313
7316
7316
7316
7318
7318
7318
7318
7319
7320
7322
7322
7323
7323
7324
7327
7327
7328
7330
7333
7334
7334
7338
7338
7340
7340
7340
7342
7343
7345
7346
7346
7346
7348
7349
7351
7353
7353
7354
7355
7356
7356
7359
7361
7363
7363
7364
7364
7365
7366
7367
7367
7368
7369
7371
7374
7375
7377
7377
7378
7378
7382
7385
7386
7387
7389
7391
7392
7393
7397
7398
7399
7400
7401
7401
7401
7402
7402
7402
7403
7403
7406
7407
7408
7411
7412
7412
7413
7413
7414
7414
7416
7420
7423
7424
7425
7427
7427
7427
7429
7430
7431
7431
7433
7433
7435
7437
7437
7437
7437
7439
7441
7446
7446
7446
7450
7450
7451
7455
7459
7460
7463
7463
7463
7465
7469
7470
7471
7473
7475
7476
7476
7478
7481
7481
7482
7483
7484
7485
7486
7487
7490
7491
7494
7495
7497
7499
7505
7505
7507
7507
7508
7510
7510
7511
7511
7514
7514
7517
7517
7517
7518
7521
7521
7522
7524
7525
7526
7527
7527
7529
7531
7532
7535
7536
7537
7537
7538
7540
7542
7543
7545
7548
7549
7550
7552
7557
7557
7558
7558
7560
7561
7561
7563
7564
7565
7567
7572
7572
7573
7574
7576
7577
7578
7579
7580
7581
7582
7584
7584
7587
7588
7592
7597
7598
7599
7599
7600
7604
7606
7606
7609
7609
7612
7612
7614
7615
7618
7623
7623
7626
7630
7630
7632
7632
7633
7634
7634
7642
7643
7644
7644
7645
7648
7648
7649
7649
7651
7653
7659
7661
7665
7665
7665
7671
7673
7673
7674
7676
7677
7685
7686
7686
7686
7688
7688
7690
7690
7692
7694
7695
7695
7697
7697
7700
7700
7702
7703
7703
7708
7711
7714
7715
7716
7718
7719
7721
7722
7724
7726
7727
7727
7728
7729
7735
7738
7740
7741
7741
7744
7744
7745
7746
7747
7747
7748
7749
7751
7752
7752
7752
7755
7755
7756
7757
7758
7764
7766
7768
7771
7771
7772
7773
7774
7774
7774
7774
7777
7780
7781
7784
7789
7789
7794
7797
7802
7802
7803
7804
7804
7805
7808
7816
7820
7820
7823
7825
7825
7828
7828
7830
7831
7833
7836
7838
7839
7840
7840
7841
7842
7842
7845
7846
7848
7848
7849
7853
7855
7855
7856
7859
7860
7862
7862
7864
7864
7864
7865
7866
7869
7870
7870
7874
7875
7878
7881
7882
7884
7884
7886
7887
7888
7888
7888
7891
7896
7898
7900
7901
7902
7904
7904
7904
7905
7905
7906
7907
7909
7911
7916
7920
7922
7922
7924
7924
7924
7924
7925
7927
7927
7928
7929
7933
7934
7934
7935
7936
7936
7936
7937
7940
7941
7942
7942
7943
7950
7950
7952
7954
7955
7956
7956
7959
7961
7961
7966
7967
7968
7969
7970
7972
7973
7973
7974
7978
7978
7979
7981
7982
7984
7986
7988
7990
7994
7994
7997
8000
8000
8001
8005
8005
8006
8006
8008
8008
8009
8010
8012
8014
8014
8015
8017
8018
8019
8021
8021
8022
8022
8022
8023
8023
8024
8024
8027
8028
8031
8031
8033
8036
8037
8039
8043
8043
8044
8044
8045
8046
8048
8051
8052
8052
8054
8054
8055
8057
8058
8058
8062
8062
8065
8066
8066
8067
8068
8069
8071
8072
8077
8077
8078
8078
8079
8079
8079
8079
8081
8083
8085
8085
8086
8089
8089
8092
8092
8093
8096
8096
8097
8099
8100
8100
8101
8102
8104
8108
8110
8110
8112
8113
8113
8113
8114
8115
8115
8116
8118
8118
8119
8120
8122
8124
8125
8125
8129
8130
8131
8131
8133
8133
8134
8135
8136
8136
8136
8138
8139
8143
8143
8148
8149
8149
8150
8151
8152
8153
8154
8154
8158
8160
8161
8164
8165
8165
8167
8168
8169
8170
8170
8171
8171
8172
8172
8175
8179
8183
8185
8185
8187
8188
8190
8191
8194
8196
8198
8199
8199
8199
8200
8200
8201
8203
8208
8209
8212
8212
8213
8215
8217
8218
8219
8222
8232
8232
8232
8236
8238
8239
8241
8241
8241
8242
8242
8246
8250
8251
8254
8254
8258
8259
8260
8262
8262
8263
8264
8265
8266
8267
8267
8267
8268
8269
8270
8271
8274
8276
8283
8284
8284
8287
8288
8291
8291
8292
8295
8296
8296
8299
8300
8301
8302
8304
8305
8306
8307
8307
8308
8308
8308
8308
8312
8312
8313
8316
8316
8317
8318
8318
8319
8319
8322
8324
8331
8331
8332
8333
8333
8334
8334
8337
8337
8339
8340
8341
8341
8341
8343
8348
8353
8353
8353
8354
8355
8359
8360
8361
8364
8369
8370
8371
8371
8373
8373
8374
8375
8380
8381
8381
8382
8384
8385
8389
8391
8398
8400
8403
8404
8404
8405
8406
8406
8406
8416
8416
8416
8417
8418
8418
8418
8422
8423
8424
8426
8427
8427
8430
8431
8431
8432
8432
8433
8434
8438
8438
8438
8441
8441
8447
8450
8450
8450
8451
8453
8453
8455
8458
8459
8459
8459
8463
8463
8464
8469
8470
8470
8474
8474
8475
8475
8476
8477
8478
8478
8478
8480
8480
8482
8483
8484
8488
8488
8489
8492
8496
8499
8500
8501
8504
8504
8506
8509
8510
8510
8511
8512
8515
8517
8522
8525
8529
8532
8532
8534
8534
8537
8537
8542
8542
8543
8545
8545
8546
8549
8549
8549
8550
8552
8553
8554
8556
8557
8558
8560
8563
8565
8568
8569
8570
8570
8570
8570
8571
8571
8573
8575
8578
8582
8586
8586
8590
8591
8592
8592
8593
8594
8594
8595
8596
8597
8597
8598
8599
8600
8601
8604
8604
8608
8608
8609
8614
8616
8617
8617
8625
8632
8633
8633
8635
8636
8637
8637
8641
8642
8642
8642
8643
8643
8646
8646
8646
8647
8649
8649
8649
8649
8650
8652
8654
8656
8657
8657
8658
8660
8660
8661
8661
8661
8661
8662
8665
8667
8668
8670
8671
8672
8673
8674
8676
8676
8680
8685
8686
8689
8690
8692
8695
8700
8702
8702
8705
8705
8705
8706
8709
8712
8713
8715
8715
8716
8719
8720
8720
8721
8721
8722
8723
8728
8728
8732
8735
8737
8737
8738
8738
8741
8741
8745
8748
8750
8752
8753
8753
8754
8754
8758
8760
8761
8761
8761
8765
8766
8768
8770
8770
8771
8773
8773
8774
8775
8775
8776
8780
8780
8780
8781
8782
8782
8787
8788
8788
8793
8795
8795
8796
8799
8800
8800
8801
8801
8802
8803
8803
8804
8804
8804
8805
8805
8809
8809
8810
8810
8811
8811
8811
8813
8813
8813
8814
8814
8816
8817
8819
8819
8819
8820
8822
8822
8823
8825
8825
8825
8829
8829
8830
8831
8831
8832
8834
8834
8836
8838
8841
8843
8843
8843
8844
8845
8848
8851
8855
8857
8858
8858
8860
8861
8862
8866
8866
8867
8867
8870
8873
8877
8877
8878
8881
8885
8888
8889
8890
8891
8892
8894
8896
8898
8898
8899
8900
8901
8902
8904
8904
8908
8909
8912
8913
8914
8914
8915
8915
8919
8920
8921
8921
8921
8922
8925
8927
8929
8929
8930
8931
8932
8933
8941
8942
8943
8945
8946
8946
8946
8948
8949
8954
8954
8955
8957
8957
8961
8963
8965
8973
8974
8974
8974
8975
8977
8979
8979
8981
8986
8986
8987
8990
8990
8992
8993
8993
8994
8996
8997
8999
8999
8999
9000
9003
9004
9004
9007
9007
9012
9012
9014
9015
9019
9023
9024
9024
9025
9025
9026
9026
9026
9029
9030
9030
9033
9037
9038
9043
9043
9044
9045
9046
9046
9047
9048
9049
9050
9053
9055
9055
9057
9058
9059
9060
9061
9063
9063
9064
9064
9066
9067
9069
9069
9070
9076
9077
9078
9079
9079
9079
9081
9085
9085
9086
9089
9090
9091
9092
9095
9095
9096
9099
9100
9104
9105
9106
9106
9107
9107
9108
9111
9115
9116
9118
9118
9122
9126
9129
9129
9129
9129
9130
9131
9132
9133
9138
9139
9142
9142
9143
9145
9146
9146
9148
9150
9151
9152
9152
9154
9154
9157
9158
9158
9159
9160
9161
9161
9161
9164
9165
9165
9168
9168
9170
9170
9173
9178
9181
9182
9182
9184
9184
9186
9189
9189
9193
9193
9193
9195
9196
9196
9196
9198
9198
9199
9200
9201
9201
9202
9204
9205
9206
9207
9207
9209
9211
9214
9215
9216
9217
9218
9219
9221
9221
9222
9222
9222
9226
9227
9231
9231
9231
9233
9234
9234
9237
9238
9239
9239
9241
9244
9245
9245
9246
9246
9246
9250
9250
9251
9253
9255
9262
9264
9265
9266
9268
9271
9272
9278
9281
9282
9282
9282
9283
9285
9286
9288
9288
9289
9290
9290
9292
9293
9293
9293
9295
9295
9296
9296
9296
9297
9297
9299
9303
9305
9306
9308
9309
9309
9310
9311
9311
9311
9312
9312
9312
9317
9318
9321
9321
9321
9322
9324
9324
9326
9328
9333
9339
9339
9341
9343
9344
9346
9346
9347
9350
9360
9361
9362
9363
9363
9365
9368
9368
9369
9371
9371
9375
9376
9378
9380
9383
9385
9386
9386
9387
9388
9389
9390
9390
9390
9391
9392
9393
9396
9396
9396
9398
9398
9399
9399
9400
9401
9402
9404
9405
9406
9406
9409
9414
9414
9416
9417
9417
9417
9418
9418
9418
9419
9419
9419
9420
9421
9422
9427
9428
9429
9432
9432
9432
9432
9436
9438
9441
9443
9444
9445
9445
9446
9447
9447
9448
9452
9453
9455
9457
9457
9459
9460
9460
9464
9464
9464
9464
9468
9468
9472
9474
9475
9475
9476
9477
9478
9479
9480
9481
9488
9489
9489
9495
9495
9497
9497
9498
9499
9503
9503
9503
9504
9505
9506
9507
9508
9510
9510
9513
9515
9520
9520
9523
9529
9530
9530
9532
9534
9538
9538
9539
9541
9543
9544
9545
9546
9546
9547
9553
9553
9554
9554
9555
9555
9555
9557
9557
9558
9558
9560
9560
9562
9562
9563
9564
9564
9564
9565
9566
9567
9568
9569
9573
9574
9575
9576
9578
9579
9580
9583
9584
9586
9588
9591
9593
9594
9594
9594
9595
9599
9599
9601
9607
9609
9610
9611
9612
9613
9613
9614
9615
9619
9624
9626
9628
9629
9630
9630
9631
9636
9637
9637
9639
9640
9641
9642
9643
9643
9647
9647
9649
9649
9651
9651
9653
9653
9657
9659
9661
9661
9663
9663
9666
9666
9669
9669
9670
9671
9675
9675
9676
9679
9680
9681
9681
9682
9682
9683
9684
9685
9685
9686
9687
9688
9689
9690
9690
9695
9695
9700
9702
9705
9711
9712
9715
9716
9717
9717
9721
9721
9722
9723
9723
9724
9727
9728
9728
9729
9729
9730
9731
9731
9733
9734
9736
9737
9737
9738
9739
9742
9743
9743
9743
9744
9746
9747
9748
9750
9750
9750
9750
9752
9753
9755
9757
9758
9759
9759
9760
9762
9764
9766
9767
9767
9768
9769
9774
9775
9775
9778
9778
9779
9779
9779
9779
9780
9782
9784
9786
9787
9787
9788
9789
9789
9794
9800
9801
9802
9803
9804
9806
9807
9807
9811
9812
9812
9813
9814
9814
9819
9820
9822
9823
9827
9828
9828
9828
9829
9835
9835
9835
9835
9836
9837
9837
9838
9838
9839
9840
9840
9843
9843
9844
9846
9850
9851
9851
9855
9856
9858
9860
9863
9865
9867
9867
9868
9869
9871
9871
9872
9872
9875
9875
9876
9876
9878
9878
9879
9879
9881
9881
9882
9883
9888
9892
9892
9893
9894
9895
9897
9899
9899
9901
9903
9904
9904
9906
9909
9913
9913
9915
9916
9916
9917
9917
9918
9919
9920
9922
9923
9925
9925
9930
9933
9934
9935
9936
9937
9939
9940
9943
9943
9946
9948
9948
9950
9951
9951
9951
9956
9956
9956
9957
9959
9961
9966
9967
9968
9970
9974
9975
9975
9975
9978
9978
9981
9982
9983
9986
9987
9988
9988
9989
9989
9996
9997
9999
10000
2116
2153
1663
4548
7771
3370
6544
3335
7666
2498
5883
6806
4664
4209
6336
6895
5909
339
1586
3041
745
5634
6025
1769
2678
3506
5040
7297
1677
4811
5082
1335
8626
8742
8197
9797
4002
1162
5858
8166
6159
7924
1513
736
4138
4894
4937
2390
7103
2441
2439
5233
4469
6155
3279
6202
5743
4132
5181
6104
1696
2487
597
2749
1994
1783
2448
2815
288
8175
7700
9026
2672
10
9938
5441
4741
5645
2238
53
3631
8355
3046
5689
359
6608
8308
9434
6990
403
949
9019
6515
5620
315
1935
2664
530
1757
1934
24
291
9738
8803
9541
7102
5234
7206
1300
9668
2227
7608
4112
1834
7587
9822
2149
7226
628
2507
4884
9188
5025
5183
4128
9477
4981
3378
2314
1242
1939
4482
5633
2182
809
576
1199
8038
2104
6593
5289
2897
1398
7991
570
3222
9581
5134
3338
3732
1890
6305
3124
9274
6152
9893
8956
4393
4449
7676
8819
4186
2809
4662
3712
3805
8657
5060
6402
9904
5474
7365
724
8902
4709
1211
1209
8641
4118
292
1393
9962
9259
3988
2214
599
1833
2218
5916
6255
1069
7815
7072
6605
9097
6442
6376
18
9554
1911
1940
9777
9705
4887
896
8868
4638
9128
7080
3032
2511
9426
5413
1204
2643
8697
1518
5971
8132
8760
5274
9304
4134
8485
1027
1145
5629
5338
9402
1181
626
2498
3537
9756
9977
8762
5230
9021
5658
4296
8394
4887
8163
4053
5051
8177
3815
8719
680
1962
6671
805
5148
5621
9996
3473
7350
9184
2376
1457
155
5979
9075
3341
1253
3779
4037
6837
6713
2482
6250
593
738
4485
1404
3596
8087
2706
8499
4804
3103
1481
8811
8049
2402
8219
9291
1674
973
44
9853
9294
876
5204
2466
7112
2715
6823
225
3529
8839
3191
4959
8430
4368
1623
4085
5619
1523
8251
7728
2084
2245
6710
9679
3610
686
1025
204
1257
9176
6729
3175
7589
835
3864
6478
1287
7538
6374
6225
1449
9524
1044
6498
5360
5001
4998
5841
1837
2657
5855
9479
2106
4523
299
5375
1518
6938
7259
6065
2447
9785
594
7028
1193
2823
5652
4591
3502
5111
3376
628
8918
2895
5339
3868
6843
1602
4961
3316
243
7943
203
3411
3073
3180
708
8121
8681
9482
3114
749
3236
9544
3167
7950
2240
2063
4518
8335
2139
9716
4731
218
5530
444
9336
2876
9448
5762
8649
9178
3659
5651
4637
5997
3029
8033
5602
3054
1917
532
3009
9998
8108
3162
2770
9213
8081
286
1078
3751
7321
9624
2419
3740
3667
5684
9607
9545
2746
8610
4767
6021
308
200
5024
4818
2959
1968
8522
3183
3771
2968
7849
5906
4136
9316
8672
5506
7375
4826
5386
6042
6974
6906
8229
9327
9276
6570
458
9311
8223
9771
9784
6002
9373
7030
5198
5643
8366
9588
6009
1412
4685
7835
9345
5283
6742
4272
9359
2468
4429
3644
732
7208
6947
4424
181
4354
5820
5168
8616
1288
8788
9416
7067
7421
4154
5628
3755
161
7531
1545
8675
5674
640
5972
9943
5844
432
3302
4104
2182
8141
360
50
5663
1664
7771
8834
5251
5427
4679
1571
4323
6093
3622
443
3437
3660
9771
3374
6653
9911
7698
7977
7928
5559
933
5869
6007
8923
7929
6751
2622
5812
2465
1513
7053
2279
5223
6871
2487
7793
2969
9791
6210
795
5062
7707
4845
7111
3452
3976
5773
7132
3895
3458
7973
7919
1679
3083
5812
9116
2937
976
4969
5224
2703
3063
5321
224
9391
6660
7706
7693
4385
4239
2480
1271
7233
2739
32
9050
1631
7491
6287
6177
1779
5179
7799
8181
9872
9212
6834
3633
8236
4122
5944
9432
8252
3502
6491
8824
9373
9272
3382
8967
5818
3170
5049
6287
3228
6726
1541
1904
6254
5915
6073
3276
5769
2586
3481
5212
4703
6721
8611
9967
1044
3747
6624
8831
6153
6327
7049
4776
8193
3784
146
8222
4964
4990
8443
6973
7831
1676
8723
6162
2918
5327
3329
2226
5903
8479
6143
1612
9362
4366
8244
4476
3187
5391
733
9535
5592
5494
8861
4850
9325
1867
1177
3108
1222
5041
9789
1346
2969
3819
1011
7374
5303
7651
6620
1328
2574
9576
7077
8817
6753
5364
8152
1602
2472
3651
2390
1414
2104
6092
4837
1176
6077
6451
1569
914
9162
8042
2477
5246
6662
7993
963
6771
170
6805
3994
1535
2700
9274
9185
8631
4076
1169
6322
2255
7964
6553
353
2875
7432
5947
4623
1718
1610
6635
2795
3189
7491
5238
3948
7948
5203
5665
5458
3196
5231
1885
7998
3427
5491
4414
7145
1613
2660
9593
9462
9440
8888
2142
3362
3800
4306
3720
4957
5841
9698
7298
2162
555
8748
887
6724
7801
4718
8525
6862
4931
4494
8673
9544
4602
8409
5298
1300
5319
949
8817
8977
8792
5703
2499
3163
404
9721
9567
7404
262
2006
5468
5381
1542
7517
5954
9083
147
6335
4372
4646
9675
4003
9309
2900
7631
6531
5589
5432
7489
8613
4452
28
1082
7751
8018
8146
5902
9366
8386
8905
5555
2851
7784
5410
1295
9185
2822
8173
940
635
9059
3833
8067
5661
7359
5286
6937
4508
204
9020
722
8755
6744
7041
4721
3657
9327
9228
5425
1961
5578
2249
4217
9951
751
8496
616
4451
6920
3348
656
6507
5012
8284
7615
8933
4493
9270
6208
9889
7629
9379
7825
6216
4671
1456
9591
626
6181
5308
9236
1116
1192
2517
171
973
560
6412
7091
8860
679
2444
8177
4740
7962
3459
9484
2354
5041
7658
4910
8389
7021
6454
4401
1513
7092
615
2817
9229
8036
3065
7749
9044
5183
4406
3169
1472
3692
4769
3700
619
2626
956
3542
5872
6130
9727
7315
3699
80
5450
3139
2539
2252
4540
3472
140
2275
6708
9673
6021
559
7642
2466
5995
5765
7541
3881
397
8956
2963
9546
5481
8374
8166
8133
7021
7521
2535
1518
7820
6611
8397
2130
1306
4900
9751
7106
3219
3560
368
4768
1988
7799
2531
5658
7001
6356
3945
4505
3240
9678
6822
9626
4981
8753
8213
1853
8230
2394
13
1749
8929
1317
3377
5359
8348
7400
3225
357
7507
2701
7030
5513
9348
5089
8255
3156
8850
4041
7160
5103
9004
212
5346
8813
1602
856
2407
1915
3646
3639
6402
2395
835
9478
5203
9026
3559
7140
9733
5777
7750
3751
4566
5496
8484
2746
9708
642
9396
2330
7095
2568
5117
3933
2984
4164
4777
2617
8265
5436
3689
6208
9038
8681
6030
6129
4694
6564
9338
8371
4463
3626
8032
7619
8993
9550
849
8156
4452
2625
4523
7033
9778
5111
8548
1908
8474
128
2839
9820
649
8938
268
9276
9783
5422
8800
3455
2684
7624
4699
1361
6386
1262
542
5542
1924
1228
5686
5245
4435
9903
4626
2583
1738
2687
1674
3409
3164
4200
7401
2092
2198
666
2107
6505
1866
4500
4298
3434
3600
6296
2047
799
8025
6693
9635
7513
1191
4702
9738
6565
9280
544
9059
2661
7995
8601
2787
5133
4696
8759
4718
5191
3662
769
5687
9510
955
6155
1299
9814
1373
7308
1639
6457
479
4109
9521
8029
7739
8961
760
5748
3677
8485
2936
7097
1156
8044
9291
8798
6673
4831
4379
498
7883
6345
5995
2662
304
1260
3497
1836
4478
3352
2130
7835
5691
749
6037
3675
7952
9102
2093
6149
8532
5565
2116
7253
6223
9774
1657
8984
4057
6941
3273
6052
1753
8285
8438
5885
7642
8237
7831
366
6684
1836
7658
5620
5800
5394
1099
3521
7628
2159
3258
4080
514
2019
2807
7755
3694
5026
2458
853
8950
6501
6522
9915
6555
4500
5885
4500
851
8758
6550
9939
8993
3087
3499
4948
8096
8769
9868
9134
93
4540
2708
761
2340
1983
5477
9519
7438
1288
5147
28
9378
606
8236
2511
5620
3499
1238
2365
8135
4423
2645
56
8245
5918
4101
8819
8794
3192
8433
3248
9375
5775
4356
6764
3635
7598
7181
4407
3126
36
3873
6124
9089
3181
4752
1993
2939
1296
241
8760
191
9505
1411
3865
9702
3975
6702
6919
7579
4269
4845
8193
5402
1110
5671
2198
645
9647
3821
4943
7391
5526
9124
9145
7480
1615
4276
5149
7801
9960
2142
1310
6505
7442
8491
92
4664
4268
3546
5150
3614
558
4385
8441
2110
3212
827
6083
7841
1696
8020
8599
9122
4451
7096
3829
6635
6919
3087
62
5560
3373
9537
3646
6180
5971
5712
1490
7824
4461
4283
6857
1338
9670
83
442
1793
2560
303
3797
3952
2069
7141
6322
6331
3451
6833
2381
9621
7865
3096
524
6234
9133
449
7901
2706
1723
3533
3757
4717
7908
4509
2520
3252
4188
4278
1518
3513
3157
2733
7292
9930
8705
5172
2328
6445
7894
831
5385
5344
1699
8929
3018
4571
4215
7980
9238
3084
685
8181
6488
4669
3780
971
6894
9456
1929
2931
8768
8316
1386
2795
1676
1236
3605
8092
9789
8203
856
8566
8069
3462
866
6142
845
9675
8498
1489
2090
297
5259
7946
7902
1219
5272
1043
6013
1442
7593
4110
2643
1251
3244
4322
7387
7581
1252
3645
7220
2792
9553
3039
6377
1848
2337
5483
8635
4040
2010
7366
8280
7097
8753
1581
1495
4730
3256
9730
2236
3652
9370
840
5646
6724
9874
5494
5541
9320
7209
5434
8896
6317
7937
945
3705
3016
5351
3462
2255
7169
5506
4790
6239
4448
1912
2460
1906
940
6971
7195
8888
513
9247
240
1945
5779
1328
4482
6175
5917
3011
5265
2654
9600
3034
7044
428
7186
2947
8570
3949
5986
4098
140
6525
4746
4911
5978
1369
5590
6742
3989
161
4253
1423
967
1097
6907
4330
2982
102
8053
3453
9615
1030
5990
4169
7758
4542
6577
4920
9888
344
2996
8049
2095
5014
950
1763
8275
1189
471
1084
1041
4408
8754
1072
5665
7622
2508
3487
5596
7745
5760
7833
5660
8002
353
3928
9245
1737
4783
814
2914
6764
8305
7622
7206
1038
1572
8297
4935
1549
9634
6272
6882
280
575
5939
1202
6729
4249
5489
4112
1724
241
458
1661
2003
2861
7367
7938
4393
9029
5742
8209
6468
1752
6304
8716
9128
982
1376
7001
2445
1216
786
5283
6668
3625
4705
8074
2048
9613
6049
9145
732
7200
4505
1796
1918
2103
6141
4106
3426
7056
7311
4435
8273
5707
5641
7884
5513
3659
7025
4941
9734
6693
8123
7096
2651
2372
7825
4109
667
5417
9498
9199
8342
5292
5338
2475
6774
4935
3970
5454
8300
4861
6511
2334
5358
3018
9788
7357
7505
5189
6061
1715
4757
4545
8441
2901
1573
6965
7061
7262
5387
6630
2026
993
9087
291
374
3462
8899
2674
5188
5014
6153
8207
3636
9147
8029
9887
439
3794
9507
6564
7699
2925
5538
4109
7135
1553
4492
7424
3128
2275
2497
6940
9182
5061
7190
893
3653
7358
3076
3789
8602
2113
1305
8038
738
207
8126
1877
3582
3745
3459
3341
2875
5232
871
4715
3717
5565
9696
2346
4095
6282
1765
1970
5891
7594
5487
7480
2338
5577
4981
9169
7601
2941
9218
364
2867
3558
4556
4291
6226
8198
680
9261
9302
3152
7808
7619
7033
3187
160
179
2940
3024
5996
7687
9396
2812
8183
7649
4167
9802
728
4518
5549
1827
6681
6372
1669
73
7496
8497
3735
8274
9022
2640
4587
636
8032
5749
3084
9752
6807
7281
2747
4677
9857
929
204
7081
2833
909
1484
450
9455
8061
7937
7457
4490
1530
5317
9727
9025
6822
4084
5645
431
5516
9833
2296
8117
704
4417
7585
9220
5719
3927
9982
4644
753
7887
9266
3758
6878
7687
7240
3807
9684
2556
1758
6250
8595
1502
9930
3192
7553
6514
7343
6099
6271
7806
7028
3497
8596
996
2551
2803
3470
6190
3323
8613
6998
7490
6698
1571
2363
7539
2396
4769
727
8444
4239
9944
7692
45
2157
2577
7217
442
7562
3527
2114
4007
5848
6512
2342
8663
9872
7269
782
1266
6146
2160
1882
946
2651
3904
645
1047
8202
7341
9646
8797
4512
1412
912
607
9169
6332
3175
7362
2117
1789
2480
4728
7391
736
4712
1716
9662
5853
5311
7489
4178
8056
1200
9399
3618
7017
104
5583
9746
4175
9100
5762
8459
9108
711
6990
4982
9207
7478
757
9365
2219
4161
9002
3696
1175
4704
3666
9917
2100
3574
8966
8776
5953
759
28
2726
5227
8728
4862
3619
9997
8570
7190
9068
5211
3783
853
2841
4230
2066
9960
6683
5843
7289
3367
8719
8220
1903
2081
1544
7898
9217
8303
8502
1929
4058
2521
3788
228
1973
4272
7790
5202
4903
3390
6176
8625
7421
8018
8701
339
983
2891
3908
4138
3366
7417
1924
3299
3289
9219
6503
678
1460
1132
5510
3774
8491
2567
8002
9952
4876
1360
585
8715
5814
2993
9163
7124
9807
6053
8750
3312
7050
9483
638
4941
7579
5987
3720
2779
5138
9527
3328
4238
328
2577
9256
8701
7125
8965
8435
1708
6895
9459
5346
6132
1345
679
3363
241
1591
425
9112
1823
9664
6716
8806
4428
6209
9160
1391
2129
3107
8831
8304
2219
6576
1983
554
7496
8397
5380
1900
705
4321
9603
8636
8841
6358
1721
5393
4794
4686
7838
2930
1268
7823
2800
7912
7407
3291
6055
9020
977
1542
8322
8570
1690
4090
5621
7673
1852
6659
2543
3590
8323
3432
4200
875
3069
1917
5563
9152
2028
332
5058
1696
184
4582
4963
4003
3693
4498
5636
9941
2437
9112
4312
3125
7292
9406
5070
7360
165
7572
6345
8434
7399
2593
9751
4516
2301
4295
4335
6823
5625
2590
9792
2631
7670
3198
4314
6224
8462
2278
5396
453
6919
6637
4853
1743
5660
1088
3553
7088
2130
4444
2721
5686
5902
8317
2929
9459
1015
6968
5841
4807
7437
8771
7804
2027
3494
5712
7066
8450
2427
2466
9132
1773
7503
6253
3709
4049
4047
4926
4207
5004
9478
2447
6886
8454
2883
7306
848
4802
2421
8067
6901
8882
4233
7342
3941
8272
5118
9738
2224
3183
374
4644
7733
2334
7562
7483
7712
8211
7544
8729
4934
4118
9850
4109
1010
3912
3034
8061
6315
3324
9863
6721
6378
8401
6264
3804
6404
572
852
704
1854
5476
2838
1673
1096
3475
1311
6779
8718
9357
3245
9305
9543
9564
6628
9635
1236
7914
9240
7831
2032
6882
6310
3028
7743
3695
3525
2815
6436
5004
4934
5594
2767
5420
7557
2261
4281
9192
8334
8572
1485
8583
8699
2681
2553
4363
6957
7303
1098
5104
2908
8903
8061
5618
9067
9798
9935
3491
6563
4193
3824
2503
3042
8009
524
9430
9813
5633
166
571
4500
4845
6535
3068
4017
96
778
4575
2371
5012
2328
4005
9219
8331
392
7506
9662
5934
4792
8418
5156
8836
471
2273
3687
6565
6471
5208
9313
2741
1808
2933
7161
2587
1027
8003
8637
5396
9314
4829
2415
4572
6863
3970
5826
8753
7872
1278
9551
3204
8343
5466
2909
7363
1827
1031
2185
8836
4793
3578
4490
5185
1342
8953
2236
1814
390
675
5983
9254
1027
5354
2131
2122
9583
5843
1019
804
1055
1918
8921
9096
2130
5927
1072
608
6410
4497
1169
4075
5180
5230
3211
2246
2369
8471
3802
7927
7912
3263
18
5888
8999
5653
2861
6176
237
3856
9876
8752
2734
7316
5259
4139
5791
190
5762
7794
5132
4663
3004
6343
932
5928
3124
2613
6762
6810
5957
2572
2109
1813
2322
6889
9697
6987
1904
3601
3079
8244
6450
5675
5610
8064
7495
8078
6109
6967
2894
4430
7922
1498
6229
7452
8814
5183
3160
4328
7989
6685
6729
7226
4718
3669
44
5265
4399
5108
2086
1633
638
2627
2512
953
7886
150
975
5022
4595
9382
5125
5132
5347
9955
7637
4674
6102
7091
8540
2671
307
2426
1191
987
7718
3844
9792
6143
3935
7410
6155
3724
5939
7353
1385
7612
8246
273
3244
3229
4548
524
3868
7584
8971
3098
564
2710
5940
4188
3035
2307
5400
6731
5267
7617
9750
5409
5101
8863
23
1566
7658
4753
7410
4864
9466
9766
3996
7503
6447
1397
4721
3708
9081
8566
7781
2849
217
3711
8876
8897
7320
8879
6349
6224
7440
5755
1282
7130
349
9526
3242
5935
3744
4688
2651
1482
8630
7163
418
4684
3119
9451
6314
4033
3531
5474
5345
6700
5293
995
8198
5749
2840
9234
1576
1413
9984
7930
497
3144
2940
4410
8058
8231
693
4625
8355
2564
5429
850
4572
522
8983
8837
7383
9232
7336
8017
4460
5137
6881
4269
3968
5030
5460
6942
7623
1617
64
1310
4839
1699
1298
3285
4604
3370
447
2280
2311
991
3423
7991
3603
1297
3123
2168
526
5049
5967
4139
5865
7204
9350
5861
1720
8741
2794
9846
8747
99
4964
8413
4111
1138
6579
3187
6261
3290
987
7430
8904
4014
181
5848
1520
2697
6302
233
9267
7123
4106
3375
6448
6511
264
355
6058
5176
9416
5472
8343
537
8237
5201
2255
595
8711
1809
7420
9928
5570
3835
8129
7902
3571
4428
3114
7808
3742
9893
415
3065
5432
4618
9455
6541
7588
3521
4400
3924
1076
7717
2981
7987
513
6069
1102
9168
4809
5252
5243
3479
6538
6116
2808
8035
1645
7841
572
160
4290
1083
1565
2352
6801
6424
6496
2442
6844
4664
8515
5538
8388
8682
2991
4614
2640
8613
6333
7494
1816
7528
5031
7844
4906
6785
3013
5347
2405
7316
3796
8954
4155
9548
1901
4917
3728
5143
1813
4012
8969
7458
2747
2913
3767
4687
9545
5449
9382
3131
5615
2628
319
2562
4786
8584
3143
9834
7315
5618
1137
5607
113
8884
9493
2326
682
5202
5265
5471
5028
7973
8684
9506
5266
3062
8556
3822
6007
8790
5578
90
1746
9464
6623
4212
1502
1883
6080
9869
8841
1482
3686
3704
1844
2051
5012
1735
597
4894
9677
1470
5474
3009
3884
3000
9050
8268
1745
8363
3585
6861
2763
6658
9121
8902
6484
2838
6832
5753
335
9766
2316
1177
8411
7376
2327
8925
4331
7703
7600
6606
9524
3850
6479
4950
5297
3187
7845
3912
2821
6337
6542
7292
6182
5585
9968
