5993
1690
588
2194
9571
3020
4849
9154
4130
8235
7622
9837
9265
3967
9746
8299
6505
6483
1794
4939
4602
2629
6174
972
532
19
1658
2101
6894
8231
3559
1126
7871
1633
2249
7236
9620
5496
1191
6215
1408
7466
6752
6203
8649
5482
4738
3112
6165
7361
8018
8744
7716
3538
4347
399
2904
9241
1502
9307
5589
7996
5207
2890
4853
8818
4074
5569
8926
2014
6117
9520
5384
9244
2088
9268
5591
6219
7068
2562
9256
2422
4447
4452
8525
7688
7309
6941
9079
1925
6346
8348
7201
2293
6190
9839
6354
7917
9326
8051
3531
8329
8442
5178
4259
4986
8862
1130
6830
7777
916
8791
2559
9453
2943
2018
636
2225
8188
8793
9262
8530
176
8427
9981
6195
5699
9009
5173
2399
1781
482
2830
5795
2685
8925
6772
6385
789
1386
4851
9841
559
5200
7006
9792
4206
3980
9980
4083
1376
5287
7202
6768
7184
6589
2284
6551
514
3793
717
3899
4388
8483
6651
5274
6806
6700
8522
1767
1283
3506
9267
8753
3379
5250
4680
8511
8128
7216
3654
4200
5244
7518
2360
4177
4972
265
3389
4023
3107
79
6438
9197
7510
1722
4715
2782
298
8167
9514
7498
8840
7585
8581
9781
1570
3763
5004
9486
338
2236
5143
9760
1685
6550
6209
3736
1738
5556
472
7948
5556
3522
237
2135
9405
1382
719
3725
2194
6532
9938
452
7801
591
8203
55
2109
5154
8532
2031
4315
8492
8793
2351
4579
8407
5080
5875
3109
5689
3151
1203
376
1708
5211
4175
3785
7398
8006
6695
8006
7676
149
305
6011
3724
6007
2415
172
1271
7212
5805
8071
758
2362
8669
4417
1213
9438
8178
6967
8969
5683
2274
7132
7535
924
1544
4363
4924
3339
5529
3803
8028
6639
8498
1705
3766
4975
7130
2264
5503
8091
6200
4438
3863
5625
2395
3585
7864
5789
7782
9444
235
2886
6632
4231
4992
6101
6432
4359
7560
1559
5844
4764
4028
2579
3784
5861
3111
792
6150
7813
6744
9993
1256
3328
9649
1935
8472
4243
3253
2976
965
6724
3928
2324
1146
545
1777
2434
1976
1880
4200
1630
6474
9904
8652
7906
3661
5385
5288
3789
8251
292
2423
4390
7383
3832
4629
3796
9384
4642
3712
3190
1802
4009
372
1704
6804
7182
6313
1755
5563
8521
1842
3206
4449
9693
8109
7039
9577
9947
4655
4268
8827
4803
2285
7920
4948
9195
1862
6971
7866
215
9965
5493
2347
6190
6002
8852
7907
3929
7412
439
2121
9527
3092
5270
5432
1354
8710
1686
8000
3816
6776
3
271
348
5061
3163
471
3266
2496
1209
2496
7354
9133
1157
3122
2905
1769
7582
5725
323
98
5260
8666
5305
2481
8155
5926
3097
15
6865
3134
9474
5980
9145
1573
9579
9496
6434
4936
2849
6783
889
7620
3255
3742
6513
6541
9181
9535
5448
2446
518
8006
3451
6772
4161
1365
6610
7960
7373
2430
3935
7804
6861
9078
4831
2910
8371
3579
4094
6943
4261
9083
2272
684
637
5580
9389
7645
1522
5739
8744
664
5595
1379
5658
7899
8376
5973
1535
9161
9603
8379
5411
3791
4324
7037
505
5938
9451
3943
3364
5569
8801
3548
9251
9967
3643
6081
472
6615
339
3102
366
8455
7936
4952
2726
3876
8843
4197
7016
4267
4788
6113
3257
551
9364
5631
162
7563
1353
5660
3286
6697
8422
3855
7041
5346
8204
6409
9159
6624
6321
4419
9267
2834
9728
7747
3859
8099
3635
9809
330
7053
4865
3863
1378
1683
4514
1313
3406
2278
9169
9573
9461
8753
6507
6286
7780
6613
880
9823
6707
6419
6282
5299
5042
2225
3847
6123
1916
2550
7470
9792
8704
8421
2585
8806
5738
6527
5867
7854
2248
9841
473
7134
6601
4159
8225
7804
9383
568
2696
9186
4476
5553
7731
5950
199
1235
8824
1653
2212
4557
4745
2761
3471
471
835
9651
7909
2675
2776
3779
9817
722
6348
8832
5688
5758
8951
7939
6829
5209
6034
8073
5144
4061
6294
1868
9565
3754
2247
5099
4161
3435
793
3888
2993
5901
4045
679
7947
5363
688
7320
4788
2111
2526
2584
8696
668
8641
6878
4611
3638
4971
1436
5415
738
8568
8003
2646
7267
3592
7010
2696
3183
7334
2837
8734
6050
3808
6318
3939
9029
7578
8709
9337
9473
4372
8056
3918
6168
8038
2706
1438
6186
2556
3645
7018
6369
9147
8689
7781
534
1646
4928
8445
9388
8899
1926
4159
713
6408
4321
6667
4660
2200
2047
6508
881
4609
5252
1229
450
6659
7523
2197
7950
2086
5635
9917
9245
1289
189
3818
8289
4567
7162
5439
3636
4008
8560
9764
622
9041
7427
2933
4492
1165
2422
8298
8961
7291
2584
1171
8309
1298
5167
180
1215
6172
1404
3078
3894
8588
2485
7608
1066
9660
5630
5427
176
7958
2193
1392
8019
399
4712
496
9382
6224
1221
5929
2036
6801
944
2838
2735
9143
7985
457
6303
2944
1313
3582
3956
2082
1715
9490
3991
8676
6773
1355
864
7092
3234
3503
1456
9417
6038
5907
3813
3923
9575
2548
8213
6512
30
4745
3959
1677
3177
5341
3160
1488
9232
8588
234
7273
7401
6970
9307
6051
4408
1466
2792
643
3604
3267
6057
370
6389
5955
3667
3263
4620
7361
5347
453
9008
2093
4125
1068
4197
5153
8191
5025
6877
1536
8632
4305
7396
5288
5432
2196
8644
6036
8146
7965
4497
9616
8764
891
9542
6498
3942
3949
1307
3991
54
2321
4520
6841
9264
6534
6077
244
3013
1139
4542
2020
3713
1436
5066
2295
254
418
263
9147
3169
986
1944
4451
675
7507
1678
4138
7954
7264
9652
4925
2740
3530
4364
2096
3062
9160
4169
3849
9295
9607
3119
1531
617
8046
4519
5180
7547
3775
6031
6901
9327
7643
5256
9703
8402
2791
2965
7707
8784
3120
9353
9203
7288
2661
9401
6671
9163
8191
2371
8010
2253
768
6547
653
8522
5341
7312
362
3644
3413
5186
7449
8358
2013
2953
3062
7137
9911
9337
3593
7570
7177
5882
4690
2587
984
7377
4108
4050
5745
7200
4945
8444
6691
3049
6112
8757
1774
7298
2747
3536
3651
7788
1531
224
8484
732
4191
7105
8560
4494
7777
3345
9526
4300
3912
3467
2686
2884
6454
1069
4878
7359
1816
2468
273
5099
2993
7849
1076
4913
8460
7529
1812
7248
3597
2021
5571
1806
209
7862
153
5786
461
8627
7288
4877
9408
9252
6022
8745
9642
8845
9066
9099
3570
5777
9052
1120
1443
1616
1960
4869
369
5039
6520
9031
3727
6842
7199
504
7129
2494
3957
2949
8104
3984
1581
3117
2498
1810
7833
9622
1279
7290
290
4262
2812
188
9436
8112
62
3937
373
4403
3592
6366
4252
8162
3195
8083
9976
2502
9021
9892
8763
1576
4554
2087
4787
6236
3911
6907
3298
7256
7185
3448
2460
4250
227
2016
8276
3403
5190
1254
8440
3662
928
8599
5768
1483
8875
5700
270
6980
7512
8555
5274
9746
8091
8242
8569
14
2010
6894
5929
8626
2585
4210
8972
6221
3619
4788
5103
12
9383
9593
811
9784
429
3357
9673
2254
8916
1150
6004
3972
5992
7052
1110
6431
2990
8421
6214
718
4425
1643
30
6553
5175
3924
6609
7012
2652
5651
6952
4658
8170
305
2565
223
212
2808
7492
7203
6980
4859
719
1172
6522
8754
6028
8910
5821
7972
9803
627
6375
2088
4450
6774
6810
981
5636
4833
364
6610
8711
5645
7172
4111
1000
8743
4233
6713
2577
7453
9211
7792
4726
3868
3769
3902
3898
183
9480
765
1715
1036
7667
308
3807
5203
3994
2224
9959
1968
200
2195
1076
3298
7318
6205
1830
5067
2268
553
8988
4736
1943
3202
8713
5222
9079
6512
8748
3861
1040
6818
6632
321
2661
4301
8178
1884
2328
6856
2605
8194
3209
2260
2552
1510
4918
5874
5282
6010
5602
9205
8535
4646
2304
2007
9556
6543
9594
2445
3059
7263
6395
5762
7029
1906
2457
6527
9602
4338
9980
966
6965
7821
9090
6142
2488
3490
9467
8470
7654
7723
7403
1851
7014
4285
572
5744
1257
1045
9643
4409
1865
4934
8045
1216
3492
9516
1352
8723
7936
9658
3646
3957
1343
1566
7596
9954
6014
1518
6953
6512
3815
8863
8421
2046
3225
1952
354
1065
655
6777
312
9845
8027
8499
4578
6237
488
2240
8997
5605
1350
2649
7146
5622
337
1640
7420
2951
4947
7360
129
4948
7021
2369
2324
5129
5069
8276
8351
9582
7317
5984
3356
7501
4861
9391
2857
3324
1546
3836
7133
7676
7327
5254
8335
5060
9963
4664
6444
6918
5941
2247
3741
4997
2100
5342
76
6316
6545
8653
5974
7175
751
6503
7030
3101
9256
6663
6368
1657
2037
5441
4158
2672
9997
1566
3274
5764
7027
6246
7089
3774
3066
2757
260
6834
6675
2532
7277
6321
9268
6207
8437
1088
831
8665
7561
4324
8585
425
9635
4187
287
9737
6518
2033
3581
1027
9893
9772
7995
689
8874
4067
9468
4279
2997
7351
2319
1333
5188
4430
8889
469
6312
9879
4507
5219
1643
5772
927
3275
3235
4128
6516
1170
5618
1541
4403
546
2319
3651
8158
9082
2718
2942
4777
5435
3032
3111
1948
196
6311
597
3829
2329
8570
6720
8388
5372
4054
906
1468
3670
5656
8564
963
6576
1531
8086
3493
9064
9636
4749
9073
6924
2170
7514
501
5817
6499
3200
7723
8583
2450
6153
7579
8006
8265
220
2576
3999
9372
7732
4807
3253
1223
6561
461
5995
6537
5718
226
5499
7011
7579
67
928
9357
8091
4955
3605
3558
9515
1537
8504
1561
3041
8199
8014
6150
7370
1769
7388
4931
781
3671
220
6927
677
8252
6530
2968
4942
1407
6946
9101
6602
1962
5316
1971
4125
9362
4732
8322
3847
377
5524
5627
5353
4581
5607
9454
9214
9633
6498
6454
9221
9349
8937
309
4572
3379
4511
280
5248
7470
3013
9712
3430
8252
8027
6040
2708
5422
5391
5249
4640
4693
2483
6420
5789
2460
8812
534
3629
4542
1543
995
5338
186
9119
9330
2993
1477
464
1546
5947
1549
532
6986
1669
1231
6898
2311
1538
6948
7557
9542
7279
7723
9189
1633
6773
1507
663
8561
5268
4371
9137
2671
2013
9289
7604
8173
2330
2871
4901
6862
476
6430
1535
4804
9551
6978
2916
8098
4611
9765
8003
4706
6578
414
6724
5560
7998
9654
7574
1054
5037
1647
5410
4428
7526
6634
8050
1296
4014
1220
720
8908
2316
7645
6226
9434
6276
7233
5010
4133
835
5910
6772
6207
5588
2664
3300
5874
8358
8879
7413
6428
9410
6054
9340
4167
6518
6406
7520
4660
68
1828
940
8083
9070
3805
6573
2645
5666
7727
21
6567
6060
2353
6780
3620
3049
3439
633
4322
5093
6944
2148
2318
8628
2197
7703
4485
2357
2132
3689
4015
254
1988
2727
3667
5181
2567
9312
4627
8779
4927
9320
5224
3407
6197
7433
671
9602
8431
6497
137
307
9302
1744
4369
8597
4578
2655
8812
9075
5446
176
6776
9691
9885
3796
6843
508
6007
9941
6690
5748
3403
7376
5053
4250
9089
2422
8486
7445
5668
5577
5025
6365
7527
1610
9549
581
9492
6223
877
8634
698
6611
5396
8783
7750
1582
3570
934
696
4567
5569
2219
1967
3937
2653
32
5801
2831
8453
8657
7389
6306
6419
4485
9566
1051
4888
8233
8598
3516
1886
8852
5450
489
7275
150
1298
6690
5824
2616
2766
5637
6869
6164
8395
6954
1478
8936
1674
9536
5861
6464
2172
7391
4871
3817
8662
6373
8705
3915
4897
5633
8526
752
9893
6797
504
1767
5674
5231
1590
3706
8004
1153
8463
2440
4656
1353
3833
4805
7202
130
7585
2501
8306
7984
5458
5520
1116
3228
3247
5526
64
7680
416
1765
436
6611
3899
5577
2115
1631
5893
8043
7903
8698
2433
1522
961
1905
6952
6170
5690
237
1886
2322
610
9137
6326
4130
5851
9422
9951
4618
4910
2934
2544
4497
7306
934
8980
6801
1687
6290
8303
4325
5822
5078
234
6886
6056
7851
1202
5270
8057
1877
8240
6451
81
4275
8984
5418
564
5162
778
1504
3897
7886
3189
5281
5702
8841
1996
1258
8192
7438
6596
5036
4731
8921
5719
3656
9581
440
6476
9152
9575
2676
8503
7772
2936
1333
3622
5636
7530
3826
1678
6475
4376
8856
6556
8126
7116
4375
6908
6198
9378
7376
560
6333
1349
5058
6919
6178
6921
7924
1516
5809
8482
8779
4122
6352
4750
530
4787
805
1702
2221
5969
242
3471
9429
2879
4167
7330
7135
3630
9022
2729
7880
3674
3566
9315
1472
5996
1978
1095
709
4700
9197
5874
6060
7397
4154
8523
2483
3500
8989
3527
1747
439
6997
2188
2592
715
7257
1523
6634
6066
7708
4465
1300
2139
8309
1863
1490
1160
9141
2604
7335
8751
7781
6600
9352
8040
5886
3572
8912
6630
6671
8879
9134
412
4735
2334
8477
1462
9994
6120
285
1433
9751
3983
6013
4801
6575
1536
9860
293
5103
3436
7005
5626
205
8436
9443
4881
7385
5425
8947
569
5884
9067
5676
4508
7148
2917
9700
9483
787
9804
5015
2198
5959
7929
7071
2289
6011
7422
3527
7048
6617
786
2635
2597
7477
7760
4376
9978
5890
8670
2842
5642
9137
6044
2924
5405
6924
9154
7046
4487
4921
5366
1151
819
28
3095
2595
7676
5121
6891
8029
7508
2435
1390
5700
7726
161
4589
3828
3654
1839
4129
1789
9947
3283
8003
8085
3929
4826
2559
8385
7178
9009
7750
9432
9817
8699
1214
9328
9428
3033
9865
3874
2025
766
9692
3818
9004
1395
1798
5449
5542
4848
594
4647
5926
3654
1215
187
1534
3636
3363
488
9792
115
30
6867
9648
516
8182
1539
7934
4052
7702
4921
6176
1
9051
6133
1768
9997
1390
4652
5304
1919
1047
3266
2021
3107
7281
8408
249
7604
1984
5708
5282
292
6323
227
7332
9279
8518
8211
737
3610
6094
2644
2056
6077
5170
7868
9205
4788
2527
2700
3004
7850
5461
1305
4896
3079
5433
1460
7107
3732
7275
1730
8612
4305
568
5428
2862
410
4308
3538
1259
1877
9008
718
3693
8005
4787
9359
9650
6233
3324
8263
4752
6052
5140
6282
771
8260
6362
3861
1722
6268
5028
3296
4926
3249
9105
7868
1255
6312
6685
2755
1265
9596
7476
5972
1167
5146
7469
7630
9015
1675
5802
2912
8969
2345
5727
9830
9799
5984
9667
6257
9809
9535
4788
1206
926
9562
9314
6215
8617
6448
9370
5202
1270
1011
9142
3275
9062
1840
5570
5295
2681
4685
1307
6913
3576
7661
7506
2458
5006
4385
120
9246
2261
5599
5139
9924
2588
900
2685
5729
3196
7746
6524
4023
4399
4959
5857
9608
6406
2718
2442
1418
5380
3174
6928
4500
687
4525
4606
1157
4225
9406
7421
7240
8981
7
4048
9551
7396
8445
9440
7464
9917
9555
1552
1369
3523
1789
7424
2774
1025
2176
7358
4662
5477
1406
9732
5770
360
9421
4882
2513
8025
2393
1208
9614
7069
400
4424
9069
7084
1584
3422
3872
1076
9101
3950
9656
1462
3114
2796
6939
6320
1372
3255
1208
9847
7394
3233
1235
6956
9881
7245
4956
5328
3938
6864
2175
5592
1917
5206
8855
4567
174
7876
6015
2131
5290
8971
1110
2031
3145
7531
3494
6271
4429
8970
9936
4148
7257
3654
4384
858
4928
7397
9988
1967
6280
2486
6897
825
418
1626
7682
64
1008
7580
8213
3462
9900
2808
6507
3256
8417
7689
7515
1016
6620
7821
5251
4750
6864
3120
475
2308
184
9929
6806
1780
5756
6761
6852
7024
77
3085
4495
9783
7796
3958
8415
6131
3365
2521
1146
3359
3382
4528
255
9860
3939
5855
5416
9032
975
4472
7992
8192
6743
8227
8807
8242
9679
7694
5608
579
8062
4819
9569
7138
2751
4119
4201
7559
5962
8234
8571
2689
211
5186
925
5346
9277
8565
4344
925
607
4863
1620
6676
3676
1911
4220
9854
3753
7767
6404
5482
9550
7694
7084
4897
7110
1862
3386
9282
2791
118
3225
8145
7028
1117
475
1960
9693
2316
6357
4480
1710
3764
3630
8936
4369
3058
3540
7849
9169
3006
2117
1504
8350
9803
6980
1773
8829
9014
6859
5383
8656
7512
4938
68
329
7870
8086
8902
9736
1342
2786
7813
9933
4776
4820
4809
6876
9357
8404
7042
7929
8131
377
5015
775
7447
719
2633
7259
7421
5457
2685
5503
568
3781
9230
5869
1973
3979
2342
9261
5719
3456
2747
6902
4109
4882
3856
736
8354
7981
8634
9007
9544
6518
780
4932
9887
3885
8510
3924
2801
1400
4257
6459
3174
3020
6518
3986
9642
5207
1881
8144
6312
1644
2037
2670
6684
1980
1159
7954
1372
5525
1136
4501
7558
7079
3549
8658
9538
6775
8996
8198
4263
838
8519
5993
1680
5378
9776
4164
4302
2984
4868
1090
7562
9611
3809
8874
5013
8548
8354
6710
6692
5862
5912
6397
7631
1047
6665
417
7406
9582
8035
4477
4137
2619
4706
3541
6730
4970
7595
7736
3537
7619
9351
5470
1137
297
705
3528
7632
7010
4255
6372
7003
8109
4765
1363
5090
9949
4691
2801
5309
2928
9418
1736
1039
6432
5408
4201
1213
1753
5843
9206
1438
7944
5530
9004
221
4834
3812
9474
6144
6542
5877
3611
8798
5820
3941
179
8581
5233
5464
9431
9852
5683
2077
1367
1654
5646
6158
4560
2611
4030
6562
7807
6138
5639
7738
2132
4918
5693
9323
8551
4297
1130
2107
5451
2437
4352
4453
923
7398
1881
4523
343
7336
4650
7664
4438
1812
3502
222
6764
8424
5186
4811
6016
3901
7098
8860
6773
2783
7122
8049
8419
3792
7883
2942
4778
9339
9027
2357
8575
6986
8646
6030
2863
2168
3032
5553
588
3650
4956
1059
5076
858
6590
32
2167
7070
1641
3068
8657
2621
5685
579
4629
4346
2331
9764
2381
2918
5237
9273
6173
2869
3957
3473
7371
7242
4450
9279
5293
4488
3602
6171
2155
14
6518
4311
6912
5903
575
422
4270
9679
2997
7735
6413
6831
5189
8030
9409
4971
7311
2401
8657
3919
2096
5500
1644
1859
5277
8519
76
6845
4586
7656
4581
4827
8724
3785
2671
9588
877
5849
5338
9338
3501
3211
4162
1490
1241
7329
9631
6143
5158
4548
1922
2985
7165
8210
1999
3050
1366
7828
929
5115
2451
7270
3112
7677
6223
823
4552
7136
9256
2783
965
1545
9256
4986
8298
1769
5110
754
8964
273
3638
9892
5075
2287
7734
1624
595
2671
8497
5865
184
4709
1093
3214
3223
4913
5232
6030
5968
3268
4361
460
9612
8385
4312
5702
3342
3764
7551
6573
4181
2630
4913
8841
9830
6637
4153
4362
1182
3498
6115
8823
7493
9017
5147
764
5070
3359
3795
6857
5383
2656
2073
442
801
6601
8314
9405
6751
6548
2693
3769
8643
7600
6329
4831
7794
1773
4741
4937
1956
3365
2286
5814
1976
6759
1070
2563
4455
7727
2627
298
4734
7103
2540
3273
7303
3733
5905
3442
6153
8762
3175
548
2482
531
4929
4174
9519
9200
7345
3645
464
7627
9294
9542
4584
418
8404
3285
6086
59
5536
9228
6469
1082
455
4774
6606
6527
8477
2355
3596
3072
3675
385
4083
627
8779
9166
3097
3811
1962
4535
5734
4749
7756
8642
1633
3565
8004
5099
2899
6147
8552
3378
1431
5980
2068
2691
2749
5302
6461
9541
9493
4657
7486
3257
61
9414
5010
624
1095
9911
7889
69
9700
24
1574
8900
6988
238
9482
1028
3233
6396
4554
6549
3919
4266
487
6153
6167
2114
224
4891
4988
5640
5462
7470
4394
8441
7654
6826
5782
4122
6305
1955
5516
5544
7062
7511
4401
2506
6920
4274
5205
5795
5504
9217
6140
5808
6593
5894
6865
3209
1044
1206
2335
1018
1228
3395
3761
8565
7888
9129
405
3312
9098
7756
6039
7378
8247
8931
8557
9321
177
8211
2731
125
394
310
2774
3033
6786
6644
8238
4363
9017
7162
2891
9645
7930
3167
3635
3472
3499
2676
1367
1159
7882
1050
2239
9268
5130
349
8787
8572
9592
9859
732
731
7102
603
9280
2760
9408
3709
2959
8216
782
9651
2314
6212
3999
7862
4786
320
7971
3645
6055
8535
3782
1059
9876
7278
3445
8021
2072
1619
781
4724
1501
9302
2370
8387
9122
3518
6624
5289
9691
327
9708
3023
1397
8683
3568
9904
4860
6142
711
6183
3559
6912
1360
4170
9550
5160
4881
7058
6736
2331
2784
9163
8346
130
9273
1208
3374
5383
5105
766
9575
7158
723
1599
9599
9052
5207
4791
361
1984
7334
9693
9335
9615
9980
237
1131
901
6520
5620
9603
3568
9983
2871
582
7751
3800
3233
3679
7458
9324
8593
9937
4274
9922
9003
6177
5707
6028
859
3489
4538
8161
539
7384
6514
5172
895
3949
9843
6578
5296
1194
4917
4297
1243
1619
1541
9639
1481
5503
5479
4329
5861
2901
6517
1018
394
3262
2403
9716
4493
9062
7871
2218
8017
257
1081
5715
165
9360
906
3627
2568
8386
4540
6812
9116
7298
6192
9441
3788
5077
8724
8697
9485
6802
925
1141
8712
8903
3200
2971
4075
5312
6315
9114
5792
4861
7973
5196
2079
2654
7199
6267
6934
2925
2647
8595
1677
3865
5640
3458
6491
8575
8935
435
9936
585
1764
3701
6288
4068
5118
4479
5072
1829
2430
2598
1085
6774
2995
1821
8381
5812
7071
1390
8073
6933
8103
7824
4443
9773
6869
2736
9680
9952
4505
9355
5074
2757
2571
8422
3864
6301
866
3521
5867
1346
6274
997
6469
1825
5754
5685
7546
4564
5697
2492
6914
6809
5057
1088
2292
544
8057
7104
6435
2595
1783
2178
7681
2251
9903
6049
5379
6444
5068
929
4504
7846
7795
5498
4313
8159
9183
9101
7763
1163
354
7018
4939
3275
8408
3300
1105
5779
194
4131
7978
6870
9426
1190
7706
7640
7257
3758
8440
8578
40
3624
8931
6359
4835
8049
7836
5986
1289
3061
637
9322
3970
9609
7449
3050
5692
6808
6115
9752
4323
7545
4440
1001
8390
4208
7447
9871
5304
8654
796
5029
7540
3479
842
7748
5198
9456
6115
5822
4026
5615
2066
2116
8798
3363
2343
659
6620
3805
8795
9373
3202
187
731
2901
2486
3386
2580
2352
5921
687
2869
1067
60
5485
4997
7953
8352
7319
3673
2672
8804
6488
3617
8672
9341
7687
687
7795
8778
3167
8278
4086
8269
4769
6503
1469
9594
3220
2655
115
7946
8274
7604
3258
1683
1869
6387
4411
9285
9530
9004
3052
47
6131
206
9305
7120
7301
7024
73
967
4994
7104
8507
2969
1344
2208
9548
1390
8271
1846
8434
3334
8450
3186
8471
5858
575
2730
2304
3045
29
2348
3316
4193
6182
2622
1548
47
5721
1781
123
9110
5619
6755
6415
2319
1127
9113
3784
6387
7912
7981
4554
287
6933
1127
2414
7514
2125
55
8877
5494
4771
1774
4101
7818
4230
7625
3774
6148
6714
3488
1770
666
3193
851
7803
3476
1805
4699
7253
9117
2458
493
1751
2508
9018
904
597
2745
1384
6329
3103
6488
1330
4545
894
1623
6937
4615
4577
6369
6416
675
1619
9316
7032
7710
5821
5773
2246
2454
9810
1073
2507
2124
6777
9028
5174
4405
387
8302
764
8165
313
5308
1165
8629
8235
7636
7352
9530
5972
6614
1469
804
7580
415
4483
1795
4114
7018
7306
5649
6767
8867
2000
3314
8746
2054
5891
5504
9157
856
9335
5292
6247
9539
1469
110
882
2006
517
8881
7920
5406
233
925
2191
6129
8771
6708
3592
4690
6914
9747
5177
5454
5270
5919
4158
6910
5636
7954
6442
1978
9712
417
9986
5569
2510
1690
1036
43
1186
7958
5915
5274
5844
7422
9416
3411
7414
6539
7739
1738
5655
2729
8972
1918
571
8177
2617
1056
8337
5352
7476
8005
9274
2250
4018
1918
6608
8802
4179
7313
7896
431
6190
811
9908
3970
3181
3677
5884
8019
9974
3523
1376
2887
123
5070
9514
7338
5918
2670
4516
3273
1121
5264
8036
8272
629
8346
9486
8033
7856
8880
4806
3592
3729
1783
85
1383
4426
8974
1249
9854
7515
8350
6551
1073
6487
6873
9126
9699
7051
2033
9569
1108
8614
7337
5388
7747
507
2738
4171
7035
1297
7248
4150
9654
24
312
4513
856
3714
4729
2608
1099
9146
3540
5339
3103
2842
9440
8053
3016
9266
2681
2157
8224
7034
9104
1474
6622
9516
3187
341
1807
7903
9673
3579
5632
8764
7166
6278
2496
6518
8276
8031
8936
8501
1602
3297
6021
2288
8994
3733
7492
5214
7178
3945
2513
5140
7227
2380
5432
4605
2458
3373
9387
3421
7086
6688
6122
6474
6091
6474
6984
7448
4010
6956
9200
5089
515
5088
1042
9062
8928
4923
7143
4652
6580
7046
7563
9598
5076
1799
4094
8950
4052
8781
8419
4161
1109
5253
9819
7137
3684
5270
21
3804
1423
9051
9850
7775
7555
6427
4243
2684
6376
1858
647
9609
6902
1282
4687
2180
2308
7488
8500
871
462
1427
6698
8871
284
6016
6200
4232
5477
3135
5061
4316
3081
1367
8622
312
5485
9836
5828
4717
5208
5774
3206
3760
1832
2609
6431
2549
1045
9534
4646
2315
9327
1744
608
2102
7619
446
7415
3799
5718
4478
8157
7370
7194
6942
7096
9949
55
9960
4499
752
8314
5125
3109
965
9293
2762
8999
4264
9188
5473
2356
9681
3686
1448
7307
766
5361
9943
2733
427
5112
2935
657
1154
7468
3124
9343
1217
1877
1859
2772
7920
2618
647
9126
9930
3358
2743
647
3059
284
2144
3925
2407
7699
7001
4674
1738
3845
9372
9007
7987
9931
5077
7313
482
2956
1889
2431
8852
9796
5158
5713
4238
8823
8218
5259
5612
8771
7067
5559
8904
3229
8435
5657
7135
1783
673
1977
3569
2770
3741
5608
7651
3654
8653
46
2163
8140
4946
8058
8167
4613
2885
6223
1552
1598
7499
6794
1308
8549
4070
7431
7784
9359
5562
4939
7439
6968
5766
7381
8223
9147
3477
8370
8825
896
414
669
8279
1280
7635
7631
2581
2695
5451
5917
5902
1927
7702
4895
6222
1689
1647
3317
2698
9423
645
8934
6542
8496
7693
1897
6242
2728
6050
9388
3744
9477
5320
3896
6751
5339
2926
939
3064
7180
5698
8630
1054
1645
3801
2648
6875
6198
8914
1250
3029
5686
9187
6646
4450
3545
8187
5772
5388
5787
1627
6137
2768
4219
3290
9461
3641
8257
7075
4819
195
3073
9839
4001
3236
5476
2044
4020
9197
7086
1170
6081
7916
2119
6640
8004
3506
4255
5593
1296
8833
9772
8911
312
2789
3309
6474
7387
9124
9599
8634
7739
7541
9277
2618
4627
8870
7356
282
2052
3253
4104
7852
1858
3606
2351
1892
7846
6458
5384
3242
7177
6098
3170
2770
8586
3596
4862
4679
2655
6191
6087
5108
7668
3369
9321
4905
158
7880
142
1511
9434
8107
686
8868
5061
158
9337
2902
4379
9289
7722
5300
1511
9201
8798
7227
7805
500
8561
84
4035
2404
1991
4821
1363
4319
4697
8793
758
6151
4752
2636
8389
1703
2301
3054
4578
7988
9729
870
3061
9563
3765
1313
7500
8564
2526
5349
6607
4420
7794
5473
1183
7698
6626
9582
293
5544
4450
2346
28
1407
92
7579
837
2226
5545
9345
2091
8288
5366
1617
9199
4008
3235
7087
10
1265
6095
7520
8697
351
3130
3735
1258
3068
774
446
2975
9528
9556
7793
7301
5779
6508
1431
8891
1200
6232
8546
63
436
4316
5314
2381
4860
4185
2864
1965
3244
4073
6993
1719
1943
9539
955
7960
6554
2577
3689
3077
2858
443
1470
7143
3276
2083
1350
7466
8811
9613
8435
1783
9897
8321
7079
5382
7902
307
7543
6483
5927
3970
9459
8766
5381
6577
4874
6724
7262
4293
7065
6619
3395
7340
3907
7926
2011
9717
7170
6544
6060
7663
6988
1600
2124
8403
7057
8951
7636
6734
5082
8240
8850
2178
6238
9997
6344
5840
7851
7486
2350
2255
8433
79
1543
1125
8457
6002
6816
6811
1171
574
1964
2475
4190
3074
2436
4393
4957
2819
2590
1608
7997
8446
2169
995
2742
5297
6025
1951
4455
6506
4881
8802
6435
1414
7965
4488
478
4187
4905
4227
4635
6082
9846
7394
7436
7356
5564
2536
1847
7578
8009
5755
710
2617
3285
9007
4672
1005
5768
6601
8950
9969
9871
3445
8398
7664
4642
7965
4824
5694
631
8819
1444
6341
118
5416
7990
8774
7073
1937
5959
128
3722
883
3411
4029
9916
9159
3587
8472
7447
1196
5296
5646
8420
8429
2320
6146
8838
647
3435
3545
8410
670
6364
9567
4632
2144
8163
9960
1284
8658
4705
7214
398
1575
6095
8933
5781
5692
6619
5172
6537
2289
2326
4103
1362
3713
4255
2827
7232
3678
1605
8396
6839
2579
7717
386
9492
8801
5037
5466
2184
3400
3895
6419
606
6421
9873
4708
2958
8779
2176
5642
513
6494
1396
8372
371
3032
2317
8529
2563
7720
6543
2283
3118
1185
2583
2154
4123
3580
318
7537
2193
2124
6607
2225
1139
4149
4008
1662
9386
3201
8868
2311
810
1445
7786
8047
2347
2278
6986
2514
5150
462
9762
8902
3342
1975
8125
3344
2303
2133
1296
2457
269
1843
6402
4604
768
3670
3509
866
7787
1111
5072
5524
2502
9549
5610
4319
4049
2922
7645
6049
5212
5429
927
146
318
207
1516
1789
2720
1528
6564
6133
2933
1772
6447
8920
5339
8771
6212
2710
5678
8672
7217
7690
9717
4913
5097
8110
4896
6317
4564
7199
7602
2765
8463
9763
4346
2071
4835
4985
3887
4635
1943
6399
9536
4806
9189
9741
2366
5127
1342
3801
4839
9634
8275
4523
6705
222
1630
9406
4777
354
8746
1262
2117
9366
8165
1496
1485
1456
4720
3677
1120
1059
1665
1065
7122
1404
7124
6398
2792
1012
2949
839
4564
7837
2034
5936
4674
2692
210
4347
3154
4076
2547
5736
3969
172
2911
5261
6732
5753
5890
2476
339
8880
9139
8845
8646
9237
3875
9343
7600
1088
7941
3739
7768
1906
333
4123
9309
698
6212
5062
3446
9452
8284
104
5476
5607
6479
3060
9119
7809
9899
6049
1836
1878
5861
1086
6418
813
4211
1433
4248
7301
4293
8230
5230
3216
7157
8827
215
2766
1228
348
3207
6190
8576
167
1875
600
9986
5962
5206
2921
9920
4857
6097
6432
1135
5521
7724
2809
2608
6141
9219
9330
4117
372
2860
7569
6951
7854
8223
2813
3891
2627
3184
4142
3458
5978
9370
3896
9750
2430
1063
7199
5175
2585
5605
7454
4313
262
9712
4596
7246
2217
5613
593
8899
607
9110
5119
1771
5502
8170
5420
9738
4450
9225
5942
9182
7026
5490
311
8864
9068
6450
2162
8671
4270
7892
6291
5585
7584
5744
3105
5354
3121
9826
7670
35
7945
2200
3823
8413
9241
9993
7314
3964
4211
4017
4593
2167
9110
4879
5968
9371
6163
9475
1634
5922
974
4430
6619
8133
736
6435
1286
2036
3434
1495
2700
9864
8086
280
5999
6982
4521
3284
3019
658
1185
5769
5214
7105
4842
1811
9530
2801
6323
1822
1995
2192
4103
7806
7315
3693
6974
7493
8005
7159
360
7430
8935
4635
3801
2048
3383
8179
3476
2847
4462
2360
2417
1053
7526
9359
2217
3509
6306
7098
6144
1529
6762
9118
7616
1897
275
472
7282
6297
4916
5240
8996
5893
1496
7324
204
426
4253
9433
5035
2058
3727
5681
1687
6965
3102
6397
6296
4722
2731
4378
9611
4289
6745
2331
1790
3772
5981
6378
8859
9894
3942
5088
5240
5568
2153
7625
3198
3741
3403
5455
7973
4715
167
9094
1454
8190
7633
8961
2283
1866
2397
5814
2239
2864
788
3582
8612
4660
4705
7292
8872
8853
7970
8296
8642
1297
8347
4838
6465
7533
5050
9930
4770
6019
141
1360
2896
208
4937
5535
4394
5144
8869
8036
7409
6195
5345
7036
4090
5489
9104
6754
3531
8768
6597
3498
7764
5426
8813
9835
7412
9513
6398
2575
3093
1522
9841
3909
3334
9522
3900
940
9367
8103
9448
1068
8290
1355
4469
3403
6043
473
8426
9926
8427
7296
5100
2515
6856
7486
9799
2312
3758
6081
8083
9105
7185
6658
2721
39
8664
1694
1851
2415
6574
2790
9342
5501
8919
2310
8194
2755
2272
4424
3486
1929
378
8544
2377
4656
5539
2192
5191
8579
7004
1362
4538
9567
3014
5234
6665
6928
9586
7982
4261
8757
9698
7135
1063
8027
2263
1674
1212
8357
7118
7742
9508
4746
3112
6280
2032
9715
7033
9945
7635
9869
7353
9582
5674
3127
8765
8543
7843
4460
4853
8882
3713
4002
4514
580
6856
9777
4944
4847
5103
3455
7163
2678
2659
6237
973
5029
4930
9917
6070
2240
1218
3626
9594
8412
3207
4076
7775
3580
9770
78
6040
5143
4704
5521
2157
5942
3171
3644
5440
3623
5264
8283
7970
9825
9506
4554
9083
1526
6411
5415
4363
1953
888
5593
9335
6544
3103
1979
6661
5200
190
8786
7129
2832
7993
6860
94
7176
3751
756
7175
495
5690
8319
7905
252
4374
855
5669
1565
8057
1166
5274
7270
4745
8425
4598
625
1640
2716
2842
6551
7378
3122
5960
7402
5553
7486
6218
1772
8919
4125
5778
4674
7329
8977
9163
4022
3563
1659
4398
6581
5539
356
2710
7962
5390
871
1890
7876
211
2893
5773
3296
9794
7623
945
2232
8895
5503
1766
3655
3465
8111
3306
8372
1718
3138
2491
1715
4042
2941
3776
1470
6105
6708
2419
3656
3692
2941
1375
368
2548
7492
1579
3758
1356
3131
7802
134
819
7931
2970
3897
7542
9046
5374
7322
8442
4792
7822
665
3220
108
6190
8651
7427
5933
9239
2076
7435
9704
7116
6566
6788
3850
9775
5496
7610
884
298
9094
1291
6667
6346
3156
8251
5957
7381
3683
1002
1400
4488
7771
6824
8192
7235
2306
7354
4800
3406
9969
4092
6082
9671
8655
8451
8160
5413
7946
1144
3811
8504
5289
5161
2724
6991
8684
8909
5478
8553
6771
610
871
8821
9370
9019
4433
1900
8567
6154
1183
4763
9156
2418
4987
9738
6622
2176
373
8288
1870
5631
5041
5644
2219
3935
4833
8758
8180
2507
3633
6884
435
8648
2666
6347
9903
6911
9015
2388
9951
5398
6041
5424
8766
8386
2664
2405
6986
8199
2325
2378
9542
4734
3669
690
2938
4536
4068
827
7739
4757
3560
7373
9113
7479
2367
9839
3368
2403
9185
5113
7219
3748
6432
1597
3668
7536
2041
6710
2962
8437
6802
7826
5470
6337
5208
6636
8578
2673
2860
3458
2921
8598
6137
6289
3484
2360
8233
232
8767
9074
7497
8678
2662
7426
6753
3576
8905
6458
1277
908
2854
9856
1419
9423
2246
8931
2475
3892
951
6531
750
9403
4681
3148
7127
2898
4480
8194
8500
7270
753
9560
3683
3570
1836
5080
799
9702
7125
1215
4892
6405
1749
5696
6919
655
2824
5472
990
629
3560
9490
5984
3553
4612
793
9300
9455
1768
8643
3040
3635
8796
7427
9355
3243
1756
9603
3515
2120
7415
3039
1510
2768
682
333
9886
9207
909
258
8704
3158
5471
3414
966
4544
7881
7215
3237
7500
4911
8671
5552
2634
9268
1888
6199
4000
982
7421
513
4691
3937
175
1624
7065
7645
9207
7493
5435
3684
7886
9828
2334
8885
6084
8107
6515
3356
79
5009
1970
4503
1912
3604
4834
3110
9224
2716
5624
8550
6678
2082
9797
8492
1391
3172
6259
6744
9550
9932
9010
4664
3653
5415
8968
2441
3255
5868
9805
4338
3501
51
2260
3485
4224
8109
4345
3725
7289
6988
4460
4171
4618
7434
9659
2387
8189
8416
2105
3429
5342
369
7562
166
106
7977
1412
5401
3779
5364
3774
4683
9677
9903
4474
8435
6438
6074
2067
7757
5062
7236
5625
8245
3717
5274
9314
8298
6111
2354
8402
1543
427
9501
5501
5983
9993
9095
5268
7591
6984
6702
3294
9044
4670
2023
2198
8768
4829
2791
5065
9996
8230
1967
6913
8006
9524
6638
3860
6875
4716
7934
933
6382
2103
777
240
8238
786
247
1894
5548
7510
9965
4911
2586
8819
3147
7626
455
5042
6752
9350
6263
4552
5566
509
2705
6167
5081
7886
3779
6334
4427
5050
3103
2171
2637
8264
2110
4106
4532
50
7938
1593
9327
7048
5672
7795
9683
97
4490
2067
2868
1578
9182
6500
6736
7683
8458
3311
7602
8814
5950
2374
3773
58
2326
956
89
8074
4653
175
2776
4992
2382
3306
9307
7383
7557
2029
3555
4004
7944
7246
3371
495
3594
5162
9188
6133
6187
4523
3704
9301
2537
9000
8473
9540
4391
1341
4206
1841
4066
6553
8183
6737
6084
4017
9431
5346
5865
3504
3839
7443
2869
9025
9419
7013
5218
9636
1083
1085
3088
9325
9185
2805
8870
6824
2718
2205
9399
8797
7722
5315
7018
8213
8225
9378
7277
5049
3136
5104
8558
4773
1057
426
2594
8845
3918
4257
8740
9682
2786
9070
5558
4456
3805
5301
141
2562
7853
5558
1932
7959
4574
6842
7075
9372
2601
2466
9791
5122
612
2638
4029
5691
2008
5863
3367
2805
1090
1384
8023
2090
5076
6267
7996
4806
8143
5569
7770
9369
7474
7946
567
7462
792
6518
8672
5109
8725
6776
5512
3787
9090
8029
8678
7011
7901
1332
1078
3227
3538
6906
6745
9987
8606
1355
7286
2148
3996
9469
43
3817
3911
5097
6655
4435
8502
64
589
4645
2424
8080
7333
5911
4614
4621
5292
5754
3240
6753
1990
9755
8197
1967
1313
8508
8011
7695
1893
438
8703
6534
4942
3103
7320
2348
4694
1336
5664
1635
9763
7143
5887
354
9409
1993
907
3528
9303
81
9471
8561
2945
7592
4404
6769
6710
2379
6246
3477
6516
5529
6299
8623
7865
7032
3778
649
9110
5776
4383
1599
9246
696
9156
2999
8549
4077
4864
5482
8242
5444
7673
7755
461
960
6337
4184
5198
666
3503
8368
95
152
1057
4068
7814
4018
5089
2610
2197
2587
9422
4946
4498
6856
4641
5118
4632
5654
9292
8072
9087
7524
2428
6449
1012
8263
3518
7604
8136
6769
9980
8904
2100
3535
4548
2408
3606
3751
5012
7658
4685
9947
7732
9412
5338
5118
3190
1050
7497
6728
6739
5121
6724
7081
4997
7522
1251
6674
6702
6408
1943
2841
1661
4283
2922
1501
265
5238
2513
6463
6602
8009
9889
4287
4318
3556
633
6097
8057
6432
4199
8256
6890
6246
5337
3463
417
1676
1951
5663
3325
9966
601
4277
2209
8665
3765
4407
8062
1076
7258
5104
5167
7557
6623
3151
8256
4746
6584
742
5938
3119
9839
6712
8195
4982
9605
8788
6133
5660
3998
7835
6440
5409
760
2913
1728
9303
5768
6889
4010
8957
8096
5017
4586
1881
7269
8953
9684
8106
9064
5876
6103
4201
7487
3403
8179
7102
3486
7699
612
7971
5493
923
6248
3925
5373
7915
5151
6307
4645
876
5395
5806
5538
4238
4470
7969
5824
1756
6539
2702
3215
4611
434
1896
3688
734
3074
729
4286
6060
4575
7874
9782
2422
5088
9826
7323
7452
9609
3724
6725
4366
6641
2811
5599
5932
9253
1278
1651
4780
5554
7954
2612
5782
1459
330
7518
5884
7076
4433
261
4071
2365
7763
7721
8011
1698
4295
8945
4580
5161
7017
5429
7243
14
6238
3326
6329
622
5147
1645
1866
5621
5361
8150
6383
2524
191
3433
4061
1877
3494
6695
3795
2177
3069
8501
1219
9299
5216
953
9152
9190
6074
5051
8704
6293
3476
2086
1014
491
2108
4424
865
3190
976
7096
4975
5715
4856
4747
4388
9040
6550
9034
7801
9515
7260
8021
8009
2724
9346
3800
8875
219
1383
8154
3055
9891
3381
9367
8416
4897
9819
3961
8276
8083
9500
3514
6737
9571
3419
6138
4880
2985
5996
3088
7371
5337
5503
1011
1171
7477
3708
5861
9282
1089
3545
7074
638
9941
5042
7938
7346
3597
6094
8000
7552
3674
468
1701
5788
2391
3355
5149
7184
8622
8806
6249
1684
7511
2778
7895
2512
1801
9908
7302
8732
9834
9632
5074
1598
8903
455
1072
1497
8064
9315
1808
7053
977
881
6482
5650
6728
2374
4902
759
4894
3635
4204
6259
593
1250
6058
9086
1045
3141
352
9647
5687
280
5701
6917
7976
9035
4717
7415
6516
6087
7034
3060
1203
283
9211
2806
1507
4969
9253
8590
3374
9909
8281
9930
6463
1775
7778
7638
4354
7070
1251
6079
1043
7020
428
8102
3971
5495
8444
5508
5227
9960
2145
7532
9234
3093
3881
4368
9252
1824
2145
9006
3249
8787
5849
8805
2324
5317
3798
5253
1251
199
3416
1260
2731
4663
2325
5595
7227
1073
1820
8251
6071
6277
4972
6977
9102
2600
2552
5783
180
1899
3491
7074
637
882
1704
1974
4298
3722
2683
737
4360
3794
797
2690
999
2612
7094
1923
7722
313
4704
8007
9376
2171
6228
4289
1225
2702
4813
8600
9289
8957
1858
6330
3050
6949
8478
4728
1190
4938
1124
5382
2419
9890
9394
9534
5550
6111
740
1450
4575
4247
8389
3761
2663
4055
6796
9942
897
7919
2147
1098
5687
5868
8410
1133
3804
560
6904
257
4871
2747
5695
891
3940
7494
8392
7062
4824
6317
8816
8958
3336
6119
5222
282
6611
1123
3662
4743
4313
9567
1294
5421
7818
9736
6286
7400
7970
9974
9235
2204
1111
8769
7161
2347
243
5717
6014
205
5368
1065
3758
428
3523
5896
8483
2458
8115
4949
9503
7444
8295
1143
3616
1468
4157
7778
8422
1572
2649
7111
7960
198
3939
3254
7122
1724
884
7051
4929
3755
4509
9796
4015
2252
7977
7426
900
9037
3822
4550
1419
8325
1464
8072
6479
1387
1313
3096
5548
2066
9651
2878
3924
4584
6174
2054
6441
6362
5749
598
2067
2697
3469
8194
4613
3960
3931
9042
9585
2029
2040
1596
3862
3121
9743
9496
3014
1188
7961
4588
2156
4978
8810
3186
1512
607
7364
1816
9209
6785
6702
2290
9469
6329
8694
6025
6012
3047
1260
3300
6761
2708
4156
5551
1695
9613
3994
1419
8404
640
7402
9736
6661
1094
2205
6683
9123
856
6310
5116
9722
8073
2456
5331
4910
3637
4142
6660
5198
4049
5532
5196
4695
1488
4166
1856
860
486
8957
1468
1714
3016
730
3277
5372
1713
182
3557
7431
2031
4635
180
9942
6208
7828
8952
1659
985
6171
2073
2426
1844
5015
3245
4859
8638
6371
1657
4011
3960
6059
1392
6989
6954
5472
740
9634
9114
2778
1791
7342
3608
5028
974
5141
9450
1049
5177
4771
215
2272
88
1283
2190
225
6783
8891
3018
6240
5194
6287
82
4401
2812
2516
5548
9070
3882
3054
8406
3060
8820
1043
6574
1305
2808
6759
1326
3823
4007
3410
3099
8334
7539
1230
2134
7281
9900
1736
8846
5439
7889
4368
5109
363
6526
7176
9834
5550
7816
5680
4452
1588
783
1343
8123
81
8802
5781
3384
8924
2261
4216
5534
6779
4233
7481
5867
5663
6506
3500
2523
7155
4809
7784
3825
8424
6664
1840
2681
168
6206
9233
6766
8637
5556
4948
7017
3391
452
27
5789
5375
5761
9062
356
7736
537
5740
6080
8618
2628
1036
2881
2394
4637
7255
6881
1304
7217
711
9374
404
852
7311
1368
1690
5950
3123
3931
5868
2265
5969
8022
5552
6213
4143
3836
2118
5980
4603
4051
6705
7253
7616
101
9038
8470
9319
5900
5111
1910
2045
6151
4746
9422
8001
5051
8030
6011
6185
6206
3104
8693
3049
1333
9234
3702
4316
2949
8132
4596
9275
8886
6842
3903
6403
5505
9541
1309
4886
6727
9624
1252
1074
3150
8755
2846
7995
3009
9129
7546
6473
4564
8855
3581
6756
3831
2335
4622
4065
1498
989
5984
3740
1439
3774
7686
2855
9446
3365
2185
9315
9855
1418
8491
6574
1304
1163
3215
5669
2280
8678
9306
2320
6318
4496
9298
4887
7413
3785
1995
3794
5314
9437
6335
8280
7575
977
8338
1597
8341
1249
769
2958
8323
5163
6289
4035
6044
9030
1956
2149
4087
8143
1083
1283
5711
6071
8842
2115
9923
9818
7424
6386
8432
8107
7307
7604
7094
2686
9985
3186
9502
8529
8778
972
436
3430
3483
1555
2656
873
6188
5539
7202
9339
3883
2666
459
9578
6317
3613
741
6001
8474
4767
7764
4848
4917
9319
4870
9991
3174
4333
65
4466
5050
4863
1398
2971
1021
8060
8588
4087
2509
8380
3965
173
670
5546
8241
6229
2672
7786
1842
5825
4218
9931
1854
6435
7048
2950
8403
4416
5473
9901
5875
1502
6577
4806
2955
3405
6899
8650
1988
34
9190
3904
9885
8819
9064
74
3471
3676
9794
5707
7704
239
5597
1620
6474
4111
9598
7963
8733
4386
3946
3169
7904
7120
137
6616
2009
3959
2796
9225
9946
6736
2205
9067
1389
9071
6906
9085
4640
354
2533
3512
8649
4866
7270
444
307
2026
7448
5511
5813
8766
492
1138
9968
5721
4282
734
8815
4888
8257
6047
8930
9631
9926
9415
31
5363
7194
6313
6933
459
4810
3208
9705
9172
7539
8379
2776
9969
6644
2961
1067
3882
3936
2835
4864
1961
5012
976
9164
8052
9400
8011
4333
6325
3028
4706
2986
6439
2556
5006
5526
9743
3028
3091
6354
2592
5763
160
4449
6964
5188
4082
9573
89
2151
8937
233
8293
6892
7476
4525
8079
5815
385
3207
9471
6890
6992
2119
9102
838
163
7039
4849
8508
5577
878
8992
9853
5677
6739
8915
3602
5514
1102
2736
4020
7090
6374
3862
1321
5943
8727
9222
6336
7880
8095
7863
187
5332
3980
8629
6514
2402
2616
2055
4542
4082
2519
956
1600
6022
8151
2542
9493
3392
4511
5133
1927
4416
7392
6996
6109
9848
9276
1942
9383
5754
265
4324
2981
6384
339
7687
6298
3981
6027
4066
6639
6343
1882
9990
6752
3047
6779
6026
3091
4948
3651
8498
8308
4192
359
9971
5313
8199
5000
2234
6720
7041
5533
4652
739
3195
3326
3885
5780
1740
9834
4769
2485
7243
8798
5076
1057
7740
1868
5629
4127
3582
6385
3961
7249
4045
9034
6631
1314
8218
9050
1139
6168
7306
1564
3348
5264
5553
6110
9680
7484
8590
251
6908
6692
9691
3165
6866
6495
4582
1650
8947
1977
8524
560
8557
839
5163
1470
9808
4604
7358
7118
7913
8632
5504
5645
2980
6437
9908
8284
9296
4001
5882
4041
8270
586
9010
7069
2134
5341
5802
1128
6258
5534
7371
2237
1699
3428
5260
5468
6013
5642
9022
7019
7052
9786
2051
9183
8670
6511
8069
5622
3431
3583
2693
8461
1515
3844
2467
1302
3737
353
3311
1250
481
7533
7313
1209
5146
9249
3679
8475
4556
1144
1135
1432
8286
5820
1934
1594
6307
6808
9856
9775
2932
7423
4175
6716
7633
6185
2040
4434
4909
9545
7720
1673
456
7378
6615
3213
331
5782
4002
8796
1091
5705
2062
3035
7618
7474
7562
852
8148
605
4698
5717
9402
7780
9225
6704
1155
4291
9379
3251
105
7730
2879
5681
889
5285
6657
4654
3784
3711
8919
8983
5245
838
6340
332
3300
4387
7889
1315
6360
364
3508
9280
712
6384
5189
2101
6094
2653
7031
4162
8132
4284
9625
5689
6509
1927
3446
3141
4008
913
8860
3389
8796
8223
4950
7882
2554
4183
3058
5062
1857
3841
6430
2129
1799
6218
3270
5524
1454
6590
763
6542
5872
1032
878
9410
1026
6628
6750
932
7312
4016
486
6936
5918
206
3101
5666
4759
4776
9313
7473
4530
3515
5484
91
1585
6436
4364
2514
7661
7068
2803
8002
4098
2686
1112
3906
5942
6532
6406
7896
5027
5325
2492
2430
2840
4584
6273
7457
6647
185
5408
7447
2183
6128
1346
4629
3502
9632
6871
5722
9548
8079
9718
9107
8237
2725
200
1868
5549
937
7490
2945
5848
5645
2760
6592
5288
3438
6959
5386
6785
7827
1294
7507
9387
6084
6584
9989
4018
2375
2304
4207
3624
4994
3785
9384
7350
3302
6167
370
9316
7134
9554
7947
3677
702
4654
6616
782
8807
4582
231
4005
9555
2990
4074
9974
7617
9576
5404
1686
4016
110
3535
9066
2645
6108
9903
1378
7468
4773
5011
3723
9154
1411
5856
8912
945
5894
1232
1699
4418
7943
6440
4513
832
8231
9153
1876
8734
3617
8131
5776
2932
8611
990
8742
9173
7447
5144
6685
7178
5489
5021
3594
9185
3798
2809
6146
5971
9306
8213
3673
1626
8634
5157
8149
8440
1366
5002
8714
356
7352
6317
869
7982
3147
6783
2463
7073
1163
2561
2027
1531
1672
6236
1677
2116
4264
3
8014
7925
6986
8068
9535
2532
6885
5862
8465
3004
9562
2177
7767
5045
7853
7793
7965
8213
2894
3669
7250
3309
8631
8363
4482
9366
4926
7175
3587
8508
3246
1245
3671
1575
6122
9293
4133
5632
3660
5586
8835
2795
3523
8158
2937
4198
9702
5902
3890
7223
8925
2459
751
8121
1007
5267
2858
4951
7415
2084
3599
1317
2027
8601
997
4402
634
7361
751
1203
8693
5324
8730
8380
6627
3300
3600
3443
3021
1126
7538
3001
5649
3679
8141
5951
7698
1104
6267
9643
4472
9152
9300
2346
2183
2619
9891
5195
1912
3236
9572
847
6062
3013
4712
1733
822
1055
849
7380
165
8560
1713
9855
8970
840
3982
3170
5056
7363
9543
7122
8205
6144
8413
4567
6300
5675
3245
3544
3578
349
2596
9752
104
1345
45
1526
317
6704
3719
8366
9495
4416
2299
1961
1144
4564
5942
3234
4967
8865
2218
450
7005
5299
3684
2800
2407
4103
5462
7569
5945
8208
703
2714
2021
7306
7567
7202
8950
6355
9862
6590
8176
1428
5884
3230
3136
6341
14
2376
5443
6308
8179
5786
282
4387
5794
9742
4400
9620
2736
1545
8952
6942
9570
6801
3396
6562
6579
6367
6523
7968
91
707
8570
735
2325
5689
8693
3269
6064
2872
7894
9691
8997
4959
7622
5514
7761
5389
5347
1690
8624
7045
3843
948
2662
6372
2626
6754
9549
9910
2589
7697
6184
8446
1840
8791
1984
7363
6796
7536
8613
5209
3791
5362
4307
3835
5367
2087
6094
1410
5006
2576
1627
6379
4842
9663
9242
4175
9692
5823
534
9412
5698
6370
4750
8637
7559
8814
7408
1995
7635
4832
5566
9757
90
8505
2521
1882
7245
4325
4672
7518
8743
2854
954
5238
4963
1005
7277
6124
5699
2937
2053
3522
9058
7865
118
227
9774
1208
9760
3181
6074
7285
1075
4831
9418
9030
2686
4947
9319
1726
2435
7603
3811
7758
9433
9710
4386
425
1103
791
2268
1542
3616
8731
9175
8096
9290
1847
670
7467
9380
3330
4049
368
3085
8804
2980
6659
3471
1763
4702
9872
5580
4763
4285
2700
875
4208
6623
6965
5645
2999
319
8312
5430
7696
8617
9957
9274
5855
551
7089
7657
8544
3540
3112
2469
6629
1244
710
187
2506
818
5709
2513
1980
7178
7711
9668
2117
4541
2816
5493
3012
8038
603
9463
1961
6595
7527
8217
8306
2296
5476
5347
5624
3547
989
530
8765
1053
3281
2145
3471
9577
1836
8692
9935
1657
9276
9819
4938
7056
7775
4874
6262
1886
296
5035
6379
5460
2304
9823
142
533
8647
3706
6877
2610
6143
2251
1899
2936
4686
8136
9288
604
2893
5277
487
9824
8013
1373
2509
7472
8311
6156
8959
4249
6900
9621
5962
9628
8761
8781
4721
2399
2773
7522
5227
295
3292
7465
8891
4426
4159
8642
4070
8509
8026
8496
7108
6772
2085
9158
7749
7323
8127
2560
7946
1475
3089
4778
9001
4083
5296
6550
4483
3802
7504
9823
5472
1304
2535
2394
295
988
3176
4831
598
6619
1500
508
7347
545
6480
1409
840
4372
142
1703
3016
4174
6295
2730
885
943
3792
6261
7187
7419
1118
6040
7366
1601
3558
8327
1645
8753
8208
1046
3574
4978
7177
6919
7511
2309
4950
7080
963
7123
944
6406
5950
7477
512
7829
6668
2588
6122
9509
2293
279
6602
3837
5374
5045
9549
5394
105
6674
4414
2619
7674
6777
573
7503
7326
1148
6439
7572
1863
353
8885
3957
4954
8365
2090
3054
4525
1340
3584
5861
616
2484
1469
5988
6401
7536
1667
4021
8448
2181
7302
548
4274
9489
6620
1855
5178
8700
8600
9366
3247
2572
9834
3322
9766
466
4404
7264
5925
8606
4059
5669
7857
5546
2093
4333
3310
6311
6999
784
7334
8602
2990
7530
5951
1783
9591
5680
6752
6097
3979
1656
7929
3020
5640
8180
5614
5244
2788
8231
6321
8687
6163
8004
1535
9777
5364
4306
6147
8447
5691
8646
3849
280
7912
2866
8390
4806
5972
4916
2332
5288
7306
2281
795
7759
7189
1798
4873
7007
6569
3258
5639
5490
1250
7066
7590
3121
3414
1183
4622
5922
5682
1905
5346
7740
3549
1652
3868
2445
6728
6807
8359
354
4648
6801
5175
8552
3808
875
2441
2815
93
9268
4694
6852
340
2440
3892
5712
4634
4336
3816
7418
1421
5245
6718
9119
9758
2845
163
5890
6274
9522
8919
594
5199
2373
1302
3968
7533
3711
2606
4744
8737
7569
8052
7016
2649
5510
3376
2742
9251
6849
7653
8385
4472
9640
8753
103
4279
6452
7736
2338
212
9240
4660
5852
5446
5433
8816
9379
3611
2585
1980
9810
3729
2945
2816
1777
4563
3548
1216
2633
4204
7563
4619
5095
3266
8594
6197
5870
8815
5479
3011
2557
4794
5753
6471
5674
1238
3365
1333
8685
9367
374
8133
2661
7766
8094
358
9872
5883
8288
8367
8316
1466
6434
8369
2682
6427
9447
539
1182
4659
2449
9463
8810
4526
2890
6900
1684
5319
1948
4648
1162
6637
9481
6082
748
8204
69
7092
8121
7834
3104
1747
8465
386
7517
4538
5849
4240
8296
689
2809
5321
2037
1138
201
774
9275
5060
426
4871
8776
7597
9236
4162
7808
5722
7041
1470
3868
7342
5253
6176
4960
6388
4927
1043
8057
2805
9910
9434
7086
6616
4981
2885
629
7867
9452
3557
4637
8385
2
1326
9256
564
3913
7064
3456
3650
2282
2361
5060
1228
721
219
3228
7101
7151
9760
4963
3048
3135
8566
7608
1489
4733
781
215
4563
307
8943
127
2953
1421
1262
7155
4385
3282
1134
8679
6626
4109
504
3634
5456
5851
1606
5125
397
3192
9224
1473
9118
9571
6405
4800
7159
7206
3332
6047
6095
2075
4322
6415
4167
4923
7744
4408
4908
6436
7241
8088
953
8791
1528
6492
4202
2247
4523
546
9493
1719
7171
7076
9086
3257
4221
240
6153
8196
1325
3614
8576
8207
7309
464
3627
587
1406
816
2461
7826
6513
1648
6230
8539
7775
4931
6645
7665
6942
7551
9615
371
5832
5800
923
2716
4081
505
5205
6820
8549
1758
1599
9043
1966
901
9297
7246
757
7601
8999
2152
2681
5872
3515
6915
1150
4120
395
4567
2164
7947
2162
2276
7131
1966
7074
2806
7342
5650
2399
8385
617
2294
1505
7783
1306
304
2752
7804
1271
1999
7989
6653
5000
5518
1899
4221
2756
6328
1939
9597
5887
2178
5576
7241
1489
8812
848
7532
4372
5157
9177
1180
9505
2991
6725
3087
3730
6438
2482
1226
4210
2416
8695
4493
4359
7303
8735
8901
4291
8610
4025
4750
8095
5569
46
6717
5614
6240
2691
220
5058
8455
2803
3879
6769
3628
3646
8925
423
7219
4969
4148
6234
2584
148
3269
7559
3341
7989
8742
4430
7980
4729
7000
3980
7735
2088
6014
3792
9498
9999
4494
639
2838
6171
147
355
7336
9413
3161
2605
5840
4237
5808
7094
9263
4813
8019
4454
9955
7626
4612
613
2746
2348
8823
425
4888
9839
4916
9904
7123
3171
3348
5087
6963
8557
1435
9813
5917
6193
5487
6421
9555
4480
8122
3155
2642
349
7867
1701
7900
5143
2723
9732
5754
6834
3935
1238
2905
9616
5271
6172
7310
4486
1385
4980
6538
3816
3484
9448
239
349
7414
4921
3220
1964
2556
6055
6935
4438
7634
1488
3659
6103
5709
2062
8381
7110
7056
8053
3981
250
3257
6301
3721
4652
2878
1362
9127
971
5933
4263
4792
9267
988
5380
5427
2812
320
3202
2181
788
5811
8038
6643
5272
2059
2386
7786
9326
8429
7547
513
1701
4612
9927
2799
2520
8661
9931
7558
9939
1329
5042
6291
9176
6736
3365
7139
5719
4154
3813
6881
3748
7050
1671
944
1930
467
6179
3146
2673
225
316
8223
4413
3858
7705
3380
1815
3976
1590
8910
3196
3486
6561
3009
9885
3065
6122
4551
2890
3393
9009
5326
1574
3003
9114
7480
12
3059
3362
7099
3364
4400
7082
726
962
9196
2304
3201
437
8623
8578
5915
5286
1023
7251
2971
8199
9194
9120
3046
1147
9078
5769
3805
7281
7888
9704
5991
6854
7303
7370
182
3643
955
2972
4142
239
3778
1994
2704
6769
5285
6067
215
2865
9275
3438
7935
2320
5954
114
8667
9966
6548
5021
2270
6405
2017
4743
2041
5555
361
8272
2006
2663
4559
6254
9028
8083
1098
251
5806
6821
4692
7210
9086
8328
3028
1310
2307
2712
123
9148
6886
3514
8096
4249
2239
9219
550
1254
1242
5822
7669
7604
3570
1254
4241
2570
3330
9362
818
9031
7773
5725
602
8323
7290
9120
7564
1981
7864
307
7931
8428
5479
7945
3632
9299
4514
5077
9365
7922
4154
4004
4057
4819
3849
1673
6363
9849
8430
5912
3424
2503
3688
5199
2675
9647
3921
2223
7650
9638
7887
6640
3932
2263
266
4372
8686
7795
8555
8826
7787
3966
8710
787
4491
5681
204
5517
9782
9983
3350
431
39
4575
9971
6218
687
1457
9877
1560
3064
1998
373
4488
5472
9824
1532
4246
8052
354
7343
5671
2502
711
3274
3483
623
7500
2369
8610
4170
1772
8811
8058
1243
2603
560
6506
1700
5327
1173
3468
8562
20
3499
4164
304
3497
921
603
503
6768
251
3569
8218
1136
1222
497
5647
9385
6801
5694
5143
9475
5808
2662
100
8605
109
2449
2347
9011
3805
4377
4491
5485
8255
3253
1900
992
5031
528
205
1317
2201
3717
9854
852
5821
4911
129
595
397
3689
3842
3576
5577
8963
3013
2284
3839
6085
2110
3347
2354
7793
2139
8661
2362
5437
2361
6153
5605
541
9594
7617
9511
1763
4153
3838
7457
1052
2828
6266
5829
5856
3174
2777
7525
1840
7705
604
945
6232
5955
9712
2843
9086
6754
5362
4097
236
8844
9806
8331
4394
3749
2299
4401
1041
470
2521
4546
454
1649
1966
7974
697
4712
5114
6926
1648
5498
597
6098
6074
3543
8798
3002
6176
7857
3852
3011
6924
4042
2613
8069
4619
8347
1285
2521
4415
5812
1314
2028
9870
3297
4414
1465
3281
2347
344
2351
9438
5966
3131
9230
3601
7961
2980
3242
5521
4461
9719
9234
1507
1600
4744
5905
2069
4020
7110
8018
515
9503
7269
8530
2516
2701
8285
6249
1186
3922
4687
1328
8445
8604
6585
943
2218
1306
322
6032
7256
4580
3988
2033
4263
430
4823
5774
543
5724
2018
6022
4136
3941
4333
871
1410
5875
9440
574
4468
7559
6976
1549
3923
4897
3382
9677
4414
9572
3300
9262
3280
9792
8882
5553
4833
8524
1865
6105
1242
5449
2685
5125
1840
6767
4217
3595
7804
7201
733
1445
417
4291
4304
934
3350
5602
5536
3418
7930
238
6670
3158
9898
704
9796
3637
894
8282
4793
6713
876
618
3850
1596
6143
787
6108
1497
2374
7826
8808
5177
383
4082
398
7161
3583
6398
8141
5621
9138
6903
6106
690
5118
7453
9956
2140
9899
285
231
6096
865
6180
3323
7164
8278
418
5946
3183
5233
5973
8434
6267
9617
5770
3675
1992
1426
5203
6403
6848
8468
1485
1418
9120
6082
1519
7739
9276
9053
8655
1407
6163
1776
2370
6737
823
5436
6139
9723
759
9876
1019
7857
9120
6495
2458
8296
3942
7700
3097
6939
3245
9889
6142
1447
2539
3326
5088
4433
350
7528
9493
1486
3848
1058
6054
7801
6173
3938
4478
6108
2239
3425
7476
3850
3331
5911
1576
665
237
6478
3488
7916
3599
3220
5363
5954
183
8121
375
9926
80
2294
2488
9245
7211
6011
6610
3654
8467
1098
2216
2564
5100
30
4089
2914
4329
5537
7514
4957
1858
7857
4745
1193
551
8515
3272
7217
921
4532
6099
2330
1024
