2247
8538
1580
3776
2316
35
7939
975
7170
7381
4880
6697
8442
9886
9059
746
9605
8333
9370
7712
5232
7260
6730
1957
5172
6454
6100
1644
4816
1041
3879
1056
4404
8896
5540
8730
7747
3041
4804
3510
2915
1642
2835
1047
2293
8749
5012
693
1354
5103
5241
5443
7539
6518
5802
2543
916
4721
1722
9643
556
5556
9103
1078
3475
1581
6054
7081
3614
3649
2674
1791
5464
2486
9649
467
8368
2541
2810
118
1049
459
4527
3214
5646
8841
5070
7024
1784
5358
5097
4115
2103
1860
3827
1434
5548
2767
7775
5480
307
4145
826
4762
9151
4520
9398
2902
4026
2333
6800
4050
894
5527
7356
1080
477
3695
8998
2717
5468
5006
8454
9031
1766
7367
8625
8511
682
6737
9349
98
2842
7655
8173
2959
3980
718
4862
6669
3739
935
8688
2330
8631
5880
8864
2287
1665
8975
5156
2290
1533
1647
1516
6630
5468
632
6364
4575
6291
3518
8370
6139
8863
4919
5177
7565
1989
5510
6615
1069
2346
6761
2280
7141
7096
1339
1494
196
3563
8490
3604
2490
4552
405
8488
8916
7411
2311
7611
3571
5477
8092
801
8259
6317
4088
6784
5522
9251
6882
7317
9486
8542
3132
1697
8089
9318
6054
6598
8892
8935
1902
7788
7084
9670
9189
4052
6527
3114
6263
4739
1139
5807
1315
1569
1860
182
153
6361
9225
9561
9340
9600
5771
3796
9506
3507
287
9168
5663
6737
7954
6964
1800
7707
503
366
4051
6546
6683
688
6593
1853
3863
640
629
8985
3663
2989
917
1671
4855
8245
3726
7622
8002
9895
1659
4618
3802
9956
5783
1471
2043
221
5586
8869
3056
7546
1228
2272
267
7334
8323
4788
4947
373
998
2111
7081
5782
4539
1230
6252
8661
1432
190
6837
5305
2888
4134
8860
5219
8017
6563
197
9152
7957
6999
5182
2603
5097
4717
936
3231
755
8538
5096
6474
4692
3217
3681
6604
4434
2018
5183
5028
8786
751
7743
7315
4751
8983
8683
7253
3644
7025
650
8068
6373
5210
1921
9434
5767
459
6340
2982
9816
7059
6770
4909
725
4847
8302
8892
3930
5514
6089
9496
6432
7764
5154
2055
2872
1420
3574
3037
8266
6318
8309
6852
6973
5033
4776
3938
3513
5742
8766
4950
7818
8021
4242
9114
410
3274
1764
3274
7827
316
440
1728
6075
3385
9391
4656
9591
3422
5004
7691
9739
3652
1560
626
9844
4650
8641
6767
1332
4863
3010
1076
7561
5438
1959
9899
6322
4207
2551
5046
1029
4500
7231
6677
3151
1291
7401
5514
5494
1689
7058
7796
1403
2115
2664
3555
4778
8205
7986
5729
3860
7074
5270
6883
5133
1115
9561
2702
5999
7746
7670
3803
2323
5873
7832
7121
8517
9764
9282
2031
7345
6517
2149
1346
320
8497
4492
3424
191
9274
2920
1179
2460
8924
8602
608
3985
2659
249
6868
1601
3966
995
3677
8439
7941
1039
8537
2880
4548
4298
7670
4205
3424
2441
9384
1884
7000
1434
257
619
1224
6620
1280
566
7132
8217
9439
4597
8337
763
1481
3325
280
8035
8622
1354
2454
7400
7935
3730
5838
4678
3881
3999
3327
8127
990
5623
572
1594
4814
1493
3996
5624
7721
6476
8546
2815
9302
8120
8724
3784
730
4793
3506
4075
6704
9164
1431
5449
8945
2316
7515
5254
1094
3779
1262
3802
1041
1136
9666
1311
2300
9914
6891
964
8190
8246
5975
5227
7811
5981
6274
438
8409
425
7790
4966
4256
7533
9821
4306
3326
8262
237
8033
3863
7957
9664
6681
5454
9915
6733
7257
7914
4659
8557
4741
2443
5324
5444
5234
7871
8666
7779
9022
5378
4160
2791
7480
5280
6268
4734
1286
6781
9460
3210
7857
1859
4883
8457
1316
9610
8414
2083
2674
6196
9160
4037
7516
1948
3186
5002
5312
8134
1971
7201
4538
5836
9708
4806
8707
8232
2396
8578
9224
4914
604
3221
7268
9101
8534
9522
2286
961
1908
3734
3148
448
3682
9897
3777
3675
8428
2
3482
6235
2222
5710
9923
3951
9075
7841
7410
9346
5067
7668
3616
8420
847
8477
9400
9202
2461
996
1158
5167
654
9295
1880
2902
8980
5307
898
9984
1819
9428
4757
7351
9776
6601
8822
8028
1192
7137
1920
4070
7137
8779
3173
2470
4829
8275
2019
1163
3766
4201
6437
2102
6781
8875
744
9552
7063
199
5527
6061
1069
3685
4072
175
3486
1447
4690
96
3081
4200
5760
8274
8358
9777
9826
1311
4616
2126
5395
8610
9835
1301
6819
2351
9146
2904
937
6422
8274
897
1611
3829
3650
3940
6113
3346
5450
4947
1759
8247
8731
852
7806
1414
8769
7776
7320
6688
1487
91
4837
765
2710
1849
5165
2216
8919
9886
2702
7729
8658
1693
8535
2469
3123
3943
9785
8440
3815
4282
3451
4739
8935
2248
5311
2358
6023
8672
8277
7264
9675
4481
3384
3416
3891
1189
6059
3377
7663
1410
5987
7720
3943
6540
486
7819
8683
4272
8824
2636
2548
3618
5018
407
1856
703
4917
3222
4076
8933
9205
2142
1549
1825
3238
7314
4447
8872
7830
3080
9370
5553
6361
7474
7966
3332
6116
8095
9618
8525
4867
1086
5420
4187
436
3394
9385
8754
5484
3772
6635
8209
4949
5981
372
3356
7458
5215
4383
7369
3030
3373
9044
3730
9467
4165
2583
6286
5026
9221
2001
146
4125
3011
4355
5664
5639
9069
4528
1109
9422
3340
8451
7384
829
9155
7238
3664
1951
1297
9962
9001
9590
6894
3391
3573
771
4138
1625
8617
8764
376
3300
7455
5151
3767
9598
3788
2647
4614
1252
8077
1123
3321
6871
7457
229
9656
3798
4595
5236
474
5135
3151
5216
3466
429
4542
5483
3736
1130
5146
7577
9134
3502
4481
8161
3380
6745
7629
2681
3580
6214
2370
9926
5039
5797
5140
3706
3355
5916
5332
3271
4972
2807
6150
8543
4002
7315
5922
4714
6948
6073
2280
5668
1048
357
8137
6098
9085
9227
7311
9150
9293
8504
3130
6295
5169
3509
7370
2508
6352
6062
468
8479
5931
5551
3559
2791
3018
2548
9550
5417
9676
5490
6016
2263
9122
1779
9321
8824
6892
3476
1845
6295
5144
7537
1714
5198
9723
3996
3413
8566
3094
1072
5709
6273
2787
220
6050
1959
5675
8592
6630
3844
9856
4071
943
3512
7822
2888
6908
8402
6113
264
2383
5434
2675
4870
4079
8739
7436
8911
692
7140
391
4969
7905
5181
8657
2838
4292
6554
5235
2314
6561
2302
9771
855
806
2455
7458
3937
4849
9827
5260
143
8052
146
3414
1360
4379
4960
1923
1857
1270
181
6575
887
2576
7788
8913
435
8801
3829
306
2632
7322
4372
4804
601
5191
6617
5601
2405
9153
4027
707
8763
2271
2032
959
1919
6649
7105
2706
7129
1490
8887
4156
1349
2420
1891
8309
2053
462
728
1246
6903
2124
8304
8451
6921
2626
5067
987
794
735
7149
1169
3134
7692
216
5636
8985
9728
5743
4713
854
1481
7097
6825
4314
5855
7396
7664
4356
982
3223
1968
4676
8481
5082
1814
8210
9577
7914
3208
1363
1339
1821
9815
5063
5259
9420
3528
5013
3775
5517
8648
8979
4227
6926
8593
4315
1116
5880
5749
4093
9769
6153
4385
4720
9106
2690
6296
3742
8433
4148
135
7480
5978
4608
7937
3015
7459
5278
5846
7945
9906
253
4497
5636
5476
8789
3205
8658
9024
5299
8274
1160
2371
9802
2871
9367
7548
854
1762
1845
5545
9443
1918
7251
7473
3749
8188
513
363
5219
8089
4732
4462
8660
9235
814
30
119
9326
8624
9120
3654
8053
6284
6017
8230
2186
7864
950
4260
9888
935
3033
3534
2949
7408
2073
7162
5373
5289
2632
7015
5504
5743
6522
4561
444
302
2470
8250
8709
5642
5071
626
4268
6600
361
2704
810
4862
9841
575
5277
2456
3571
8080
3947
6107
5342
906
7574
3009
6691
6443
5007
2551
7804
5924
2818
4732
949
5205
7303
4433
4960
5710
7158
3822
8410
270
544
208
627
5563
7925
1361
8326
8527
6813
1288
6143
482
56
8476
574
3622
3420
7022
4562
6963
6820
5234
57
9870
4303
4117
77
6620
9190
2972
8624
6706
9055
3033
9624
9144
634
4121
9105
4874
2574
9841
1557
5846
1771
7753
9688
3358
3738
5118
713
3641
6312
9548
6232
1066
8752
7994
5963
123
8657
7413
137
457
1853
9811
2818
1577
1611
5388
591
969
5624
2025
2022
3459
7106
6419
6400
723
4465
1605
5029
4621
61
7232
6021
2110
5736
2760
3538
2314
6377
5141
9163
1256
6670
2494
5491
9979
6582
3858
3889
8254
6685
5478
8577
7190
328
5635
1015
3857
3979
8154
7909
7564
6158
4167
4881
2270
2063
4388
6071
7572
7783
9841
4487
7890
6627
1973
911
5819
7166
4349
3430
3503
9013
9478
2633
5388
4279
2442
8591
6868
6633
7335
4038
1621
3485
6589
5239
5724
2965
5755
7331
3084
6833
3016
3813
8245
5162
8149
9512
4435
2939
623
9253
262
8180
524
687
737
3357
8277
315
4969
7299
6367
5107
7931
8161
2272
8149
3597
5081
1247
5555
4922
490
4902
6269
326
5248
4009
148
6431
9999
9781
2233
8375
744
263
2734
4178
7502
5269
3636
8564
8134
2345
3591
5182
1488
5235
5042
6872
364
5683
8410
1233
955
1508
2310
5940
8701
6698
4990
4894
5208
1063
6579
244
7665
1507
7045
5829
3740
6568
8517
376
3641
9060
66
7296
7564
8904
6855
3686
9038
8467
9902
1813
5384
5494
318
5589
5126
3932
3546
1439
5326
494
6656
7007
9047
1948
3027
5000
5496
4238
2587
7967
1647
4309
6786
8460
4602
1638
4975
140
1686
4560
6751
4739
7398
5409
1957
1407
3885
5585
8453
4720
9934
7343
627
4397
2952
2617
5959
5058
3606
8735
7397
7289
7192
27
9258
8558
4030
5375
6557
7314
3629
6053
8042
3928
4238
9487
2467
3977
810
9047
444
9160
7028
2613
9113
289
3372
1157
9366
8998
629
2929
5907
4712
9587
9728
9252
326
5768
6999
5118
708
404
7979
6613
6448
6490
3953
2917
7903
8172
3091
1362
3781
9855
1654
3274
3905
343
811
565
4416
5952
9973
4642
5766
4121
3643
375
4911
1624
5251
987
6067
9
7884
7437
4127
706
4899
7104
465
5459
4084
9321
9022
9526
7121
4150
429
8025
3382
1220
3011
292
2443
1417
5625
5227
8610
916
2258
9332
9872
3895
8945
4028
8075
9947
209
4848
1101
2016
4346
7287
9378
1350
607
6143
1127
5775
3269
8729
2597
544
5943
1070
225
1932
8903
9020
2828
6065
2000
8850
7103
2653
8511
1383
7286
3948
9712
8692
4463
9942
6894
1714
4924
505
4914
5817
3244
5249
4818
5472
593
8414
7104
148
9103
7056
3460
8196
8293
6136
7702
3869
509
5627
6515
510
6673
361
8446
3961
7273
1426
8906
6739
4784
6204
7665
9781
2379
4240
2361
4660
2152
5722
3821
4988
311
2597
6804
7072
9509
6737
2099
1216
5865
2706
5902
1520
5917
1439
6787
4540
9152
6042
9752
9712
5974
2873
59
424
1055
2952
9364
5345
2010
4071
5205
4865
4423
9566
5723
3109
3393
6024
5883
2026
7137
9236
6192
371
6098
9479
2172
7285
997
5763
6996
8683
2960
9690
2311
3111
5549
3095
8218
2862
8101
6938
4810
8301
7061
8127
724
8051
6694
6028
9015
6586
5369
9651
3567
2242
8700
7336
7453
2545
2395
8221
8620
1516
8570
3802
6951
8752
9267
3980
4817
1572
4429
2035
2555
4527
9615
324
8888
9979
6916
319
3931
3275
4038
8779
498
1501
7176
5046
1831
8482
3053
7554
291
9023
2309
7499
2203
2267
7198
7587
8121
6910
4739
8355
3758
1303
6428
7439
5713
5942
8829
1303
9174
8143
4384
2074
7783
191
5820
8177
441
1884
9285
398
5680
629
143
2052
5245
1597
6583
3921
7478
6390
3503
8360
133
6962
4843
4241
1666
3405
3146
4048
3865
3569
7840
3282
2040
7128
8347
4374
6595
4120
6788
7203
4227
4727
6917
8208
1134
5863
257
6142
6566
7675
5480
3665
7260
7583
3541
8900
7819
2904
3748
7543
826
9464
4884
407
2984
9189
2725
8143
5890
5744
4921
5452
680
2348
152
8394
3363
6357
703
7156
9158
8565
8151
1587
6567
1351
3332
9778
2442
8284
9186
7564
2428
6377
6009
318
4098
8729
5559
9508
9643
514
6653
6977
1165
4394
9244
736
2880
2224
8161
9764
1931
5245
5804
3152
472
7728
148
5805
8860
557
1257
7609
4453
1354
9527
8760
9307
2343
8614
5494
1537
5148
5173
597
1773
9412
9662
8994
4849
7278
825
134
9136
3896
983
4856
767
3222
8320
1672
1977
8387
2572
1025
6832
2607
2877
4900
9870
96
4869
987
4087
5794
6513
6380
4671
525
7171
6674
615
1235
782
4512
7931
560
3916
265
7376
9733
3526
6179
652
2170
8515
4551
5424
3101
756
8463
3452
4976
3621
7027
631
2763
9287
711
3790
9820
7226
2116
6276
4256
3094
8560
8854
9797
4906
6133
1827
4067
8283
9278
6780
1435
5832
3954
3625
4977
9836
4268
7732
153
8651
7812
7985
7709
2244
7192
5298
9450
4647
3136
7161
3552
1245
1321
2667
6881
6157
4139
786
6837
4011
7700
9172
7886
4630
4958
1411
2847
8786
3231
8486
4188
1439
7993
5334
1441
3095
2079
3873
8854
683
1270
6145
6855
3415
2900
3962
6865
2302
9916
8972
4001
8119
2677
2733
4745
8291
4062
2253
1919
8180
3789
4858
2357
2165
2019
1187
2264
9765
6045
487
3209
3618
7968
6829
6123
9316
6779
7408
7107
3031
3017
608
3532
7683
1879
9133
9827
9227
7360
9407
938
9357
1142
1328
2156
3372
2220
5945
6262
4520
7912
200
7746
3733
4969
2775
959
1853
2832
4996
1993
7225
7841
1052
5155
9535
9616
293
3732
5352
911
5343
7140
7699
7121
1201
6337
2694
4598
424
8297
2964
9510
2885
8260
1203
6864
8714
183
6919
6631
3396
6925
6904
6164
273
9602
14
905
5663
917
8515
9350
5494
1591
1668
4654
504
8426
491
9812
4467
841
7525
6133
1035
61
15
4663
9455
3097
7510
3298
3940
6258
4969
3050
260
8596
568
5901
9788
5783
6546
8076
3444
8984
8541
1485
5262
2028
1701
4851
8102
123
2618
7728
1726
2876
6749
5511
7868
5761
7867
6061
6340
6820
4799
5694
7250
5741
5082
7098
9068
962
149
3692
342
4426
386
6973
9470
5336
144
2987
561
8247
683
4865
6199
6272
447
222
125
4803
4173
6359
9041
2300
1424
4457
2526
9313
6851
343
7310
1727
7512
7101
8400
7355
4359
4062
6362
9691
9759
6138
5978
2968
6709
5486
12
4964
5875
819
4589
5380
5254
4550
8161
9356
2470
8268
2165
2610
6357
4485
8011
9330
6201
3037
9847
389
3075
8395
5897
1478
288
2074
4665
9563
7904
7163
9029
3175
4586
6857
6192
1105
89
1947
1600
89
1887
147
6170
427
9407
9377
3245
2540
5796
3027
9102
1202
4706
8760
2759
9066
9403
8508
5313
6661
6107
5197
8878
1297
5586
1363
6274
1396
6825
2733
5863
662
8174
4676
1096
6567
5495
109
8036
7219
2894
9855
29
7463
3394
9476
7211
2786
1627
4878
9502
8082
8031
500
3469
3490
6361
1019
6480
4518
4571
762
5618
2821
5169
6443
801
9556
7575
9828
6979
5324
2123
3242
42
1730
3790
1062
261
274
8906
4877
666
8668
7286
3170
1545
386
3612
1428
1968
5482
1829
273
3729
6476
8229
9653
523
2250
9991
1333
4235
723
8857
9513
396
209
5500
3444
8017
1678
9434
4552
4915
83
5938
2494
575
5483
2288
7477
8192
9017
9598
312
4311
6691
2970
2618
7250
6477
6236
2098
3049
8381
8451
4981
6327
6419
1797
3736
6506
935
5775
8647
8378
5958
1075
2530
3608
8455
1115
1474
975
3091
7777
4572
3463
3208
1022
5365
3685
2596
9837
474
2945
6384
1993
7318
8123
8649
2301
4259
5799
2442
9726
9303
9648
8555
8074
1574
1899
6705
2181
7593
2831
3123
4130
8832
9619
2705
6262
8449
4521
9328
2991
9883
8837
6957
2462
3383
715
8268
7673
5367
7954
1921
8689
5621
9500
3620
7512
7350
6062
809
4298
7457
9652
4047
5012
2378
6576
5643
3945
8115
2018
8518
3786
9983
1242
4877
8499
9068
2496
7765
545
6864
9528
8533
2198
2162
6721
2132
3675
6680
7668
7795
934
3676
8491
4985
8392
7273
7399
3673
7018
8475
5621
4119
5774
2635
7090
9627
7409
9165
3184
4618
4498
8313
4210
9743
834
9302
9329
3887
1685
586
8581
709
7044
7426
7251
1301
6493
3635
6232
3584
2837
4600
5856
107
7920
3151
331
5133
5688
9447
9883
7881
8284
9151
2369
4775
296
1227
6571
3815
2351
7346
9735
732
2274
8008
5226
8716
8630
6517
629
7817
8523
7601
564
2635
9390
6931
1819
2912
2022
7056
7635
1601
4576
9597
1636
7819
1534
9446
9968
8706
545
5997
4118
2412
8085
7371
4630
5204
5912
7629
460
3035
2625
2411
3549
6746
7541
5378
1248
3310
8319
3750
8751
281
4968
6740
5223
2001
23
5715
5160
9874
7357
7738
6335
3010
8370
3009
488
4744
9397
8172
6775
3222
1652
8899
5497
9896
8279
3230
7345
3727
8382
1157
6779
430
8002
7097
2068
5078
1118
4332
4611
739
7044
313
6368
3284
6554
6069
9745
992
4747
6834
1776
8235
5150
9248
902
3285
9380
8950
9374
9890
2586
4613
3983
7586
5939
4310
8187
6803
1527
6497
2447
6632
8607
8938
8576
800
4750
5968
8642
8446
2521
3596
6681
5817
6556
638
8068
7544
3888
8233
9453
6585
8231
6491
3351
6523
9371
3668
4132
708
2109
4355
5603
5663
4971
5343
566
1668
9646
899
2028
7752
7329
8636
2842
7168
9569
3877
3384
6651
8062
514
2094
5946
8537
8973
6330
202
4787
5525
8093
6019
2405
637
4047
9255
8746
5893
3784
8346
8226
6070
7095
7176
5356
6928
5840
1245
6195
6594
1395
2710
3545
2350
7264
4676
7484
5765
5978
4478
6819
8079
5401
2304
8908
1243
1865
6819
1928
299
9928
4369
9699
7599
1945
7676
9837
1566
4669
9522
3869
6601
4291
8565
2064
5578
5202
6983
5792
1706
5600
4727
7349
2403
6128
2697
2329
3400
5654
2348
5770
6126
7823
9680
1141
4179
5832
3453
7840
316
8742
8127
6444
7534
977
3205
445
62
3009
593
1873
5681
8480
5968
7766
1076
6354
5944
8719
8781
2631
9359
2103
5370
7177
8188
2799
8032
9231
5394
8637
3
4750
8250
1466
6304
6907
2198
6333
7802
5479
3770
5678
4083
2663
766
4639
9232
704
6036
3489
9621
2491
8804
4974
2707
9317
1467
3457
9181
4098
7088
7684
933
6008
8130
5233
7732
3261
4390
1429
1031
6555
2793
9512
3475
8779
5935
5561
6373
1176
7187
2777
2392
2736
9258
1156
7367
1005
2096
3104
5031
5127
4447
6911
7465
4359
6141
7853
9795
6572
8097
9850
6391
8914
5430
1103
692
7507
7696
4746
6790
7792
4038
9297
3306
1842
720
5824
3097
5994
1979
6453
557
917
544
336
4395
3446
1371
756
1289
7613
220
7564
2220
1068
1154
9066
2824
2406
4430
2241
4942
5130
4466
4430
2634
6917
5878
9165
8525
8468
3856
8361
6903
4244
265
3458
8497
6787
2215
2089
2335
2848
6696
7441
7310
230
1124
8903
9117
3253
1501
4844
7920
6676
1207
2568
4608
2677
9697
4011
7885
2460
8771
6318
1714
4464
1177
9328
7846
1343
3255
9517
7663
312
8621
745
8940
4160
773
1515
503
7084
5997
8090
35
5604
2151
8094
1037
6459
746
9115
4174
1149
6760
8158
4044
7972
6398
6778
7715
3518
2389
152
2621
55
3961
6814
7366
1463
982
2996
352
7722
9192
6740
2958
6831
2867
1994
7596
4075
9369
528
4664
6179
9339
1403
3758
3707
1592
8758
2680
6214
912
8163
1613
1503
6790
4462
7766
81
8632
8442
573
574
1874
7813
4631
3140
8898
4390
5250
3076
1306
9153
1138
7088
3709
364
8117
9938
1980
4467
3446
2870
7998
2295
3317
5796
396
9531
733
2335
4932
4251
5343
2470
8790
4692
9101
4538
3065
4808
5731
8414
9522
1447
5367
567
8974
1117
4218
6373
6021
598
745
716
7079
269
7606
6323
2089
2820
4126
8161
4702
790
2830
8145
4568
552
793
6640
6591
2649
4297
9414
2813
2535
7015
9196
6839
5706
2011
3448
8659
8541
6961
2496
8006
6839
7144
3543
5502
3412
8371
5387
9258
9525
2978
4311
8231
6458
7166
3443
4151
6550
3518
4541
5055
1354
8168
3714
8950
3320
3232
5576
8630
9596
1928
9131
8033
7198
7471
2291
9049
5323
4621
6304
9769
5830
7174
4258
3550
2337
7835
9940
1770
8383
4970
5398
201
9032
5597
1753
4729
98
9111
3129
2566
9095
6025
9591
7756
2439
99
3528
3876
9349
1974
5072
36
7400
4560
7992
3286
3103
269
8722
7318
1536
519
3190
9903
9852
1847
4389
2923
9025
70
867
7833
4335
389
4645
6479
8727
1676
2259
291
1962
8876
8960
7432
8908
6299
6990
5104
4525
1283
2819
3210
4316
393
8228
1373
3240
4166
1615
5356
8137
3337
6486
8413
1510
9120
9345
8263
7006
4330
9317
924
8674
1777
6703
3369
6739
1941
1515
6554
6028
4270
9784
6087
214
5385
9951
1304
830
1752
939
3012
2337
2527
133
990
2967
4037
1979
2689
1744
8627
7612
8680
9678
2269
3867
1185
8554
1631
4370
8622
3892
3924
9393
9243
3962
4045
6547
4025
6790
7680
9943
2076
306
2935
2070
5765
7425
2795
5540
5632
127
3285
526
3669
9601
592
5202
2244
6350
3739
7597
1089
3766
8525
3540
6751
9960
1020
4688
8109
6585
5937
8496
2064
8319
4643
6321
8183
779
9032
9534
8593
9814
453
643
6905
3064
8256
8959
4875
2174
4302
8143
1008
9001
9599
9546
3142
2645
3841
6740
3769
7984
6818
4434
4235
9199
9126
4037
4216
8077
5122
7893
2511
1498
2894
1739
8259
9664
6821
3509
531
8345
2118
4533
53
1253
1437
1992
1638
1929
1674
4931
2201
8305
9117
1806
9048
4687
1698
821
1872
5151
4280
7442
8538
202
4941
7989
4821
3147
5507
9776
7764
339
5914
3764
7807
2154
548
3994
2812
9593
6534
7298
9260
5498
862
2189
2346
5310
6979
4287
1712
1118
5136
7794
6116
435
5712
5398
1673
5808
5756
6378
9854
674
8244
6932
4014
1391
6548
3291
4043
5331
4687
2060
6518
1970
3861
5320
4751
4060
4498
9441
6792
4553
7293
8683
2681
6751
6177
3677
6684
9131
2311
1958
2037
4425
3367
6266
5288
3050
5264
25
4596
9328
5655
165
6454
5452
5908
2520
4111
4282
3308
4859
9509
4634
6005
7012
2400
9068
914
9374
8522
3884
968
7129
9665
376
9737
151
9022
8257
9998
6055
8806
2298
3635
9707
5564
5549
332
3749
1401
7558
9170
5657
1351
7186
1075
9114
2303
1486
8568
4883
5503
3053
691
6804
1991
2397
8135
4142
3323
987
5022
7684
2319
2926
9222
8970
2759
1086
2524
2750
4086
5026
1189
7787
7204
8645
9442
545
9672
822
8557
6277
8848
8835
7020
3128
1596
4378
4872
8664
1478
9670
8443
6681
5261
9954
2847
8067
4505
1322
6732
4679
8626
6898
2251
4845
9433
3014
3598
4279
834
9596
2104
2445
3121
5832
8362
617
6721
2708
314
1774
3221
1116
8352
1266
8402
741
660
7530
8561
1526
6879
3400
1149
9906
656
7044
6928
8737
873
5778
110
7992
9384
55
7596
4667
1551
9687
5767
2858
5998
6991
2409
6304
4179
937
7168
6202
4580
7215
8122
5067
6229
4037
9268
7426
2383
4521
6418
2756
1649
445
8402
7603
5235
7600
2354
3804
5177
2983
5425
7942
5928
3431
8947
8998
4688
5948
2147
5381
3773
6450
8764
5728
9600
3115
1554
4369
2910
975
4509
7395
1227
1668
8377
272
9351
9084
7843
892
2367
8345
7709
647
4858
8996
4166
1527
9059
5156
6178
9905
8247
1703
5443
362
9238
8265
8096
5600
1139
1697
2950
2894
5254
3181
8646
8092
5472
2689
1692
3344
2762
9434
6231
8634
1348
9035
6347
8584
8045
2003
5824
8443
8589
7808
5683
502
680
4869
4171
6685
2626
2658
5195
8434
1266
5344
5713
3464
2230
3758
2267
9776
6168
7264
7860
4857
4849
540
9653
6120
317
6963
1578
7939
4173
2384
5551
1760
6737
6551
8554
8394
7301
9477
1832
712
8362
6367
7546
1791
9542
3574
7997
4974
6158
6354
5761
9956
1206
4258
634
4882
1892
2649
7448
629
9541
8526
9535
3117
5786
2092
9913
135
8100
8744
8150
6083
3290
9477
1596
3136
936
9897
8845
6303
6316
9496
4433
9763
9748
8578
981
2249
9029
6239
553
1451
1080
3127
3990
3833
2700
479
7755
6820
7675
8179
4010
1960
3203
7244
9534
1425
5853
1682
6485
3321
301
3662
1328
8203
5894
4924
9202
5303
3994
2674
9307
5201
3913
9688
3251
496
9789
4017
6669
1777
912
5869
6297
2159
4381
3158
1118
4653
1254
3359
5101
2317
2872
2576
4015
2696
3386
499
9856
4276
9219
6137
3579
3268
877
726
3360
8096
5780
6939
8910
925
2417
4939
675
3778
7304
2143
3170
8264
4619
1583
999
2909
6559
7003
3255
8712
4787
9883
5166
427
3338
4135
8996
9121
1528
5243
6821
3663
761
898
9675
679
7100
8522
4606
874
6126
507
145
6131
4811
4566
151
1593
3116
6269
474
3091
4085
5372
9647
8858
1613
4073
7588
3462
5546
6466
6934
4295
2100
9915
2544
247
1566
2453
3487
8648
5640
9497
1046
1004
6692
5316
8318
2228
4704
5357
7555
413
8594
1477
9502
1274
9958
4064
27
9672
8521
1765
270
8438
9047
8571
3534
9179
9581
1429
8035
5259
962
8318
3974
2012
4568
8476
700
6472
3491
3073
5825
757
4697
8980
1998
2448
7909
6687
9380
5163
5626
4768
6478
2895
8111
1223
1920
3054
5952
5822
3681
9219
2962
8377
8454
9786
264
1500
4568
7967
857
5986
7719
7344
6521
6100
2689
2954
1139
4119
1034
700
7830
7612
4340
4919
5200
7299
5898
7811
32
7969
6287
8903
9571
1006
1345
4246
5295
325
1196
9457
1014
8842
4393
8179
9310
9785
8373
1680
200
4041
9446
7146
8647
4274
9354
6805
2477
3128
1408
9030
9431
3953
1835
6785
3058
6810
9217
865
5792
8175
7225
5783
85
8137
9529
3795
9955
525
6523
4522
3474
7373
277
9262
1330
6395
3022
4311
5507
314
3355
2898
1388
595
3978
7681
6998
2345
3365
3545
4262
9583
9512
4188
5715
4624
920
4504
1634
9361
9488
256
6139
3521
5378
1647
4850
7381
9111
2024
7608
6529
5806
1502
2076
5780
1346
2494
7338
996
2188
3704
983
2144
3268
9039
2079
4369
5341
5477
6899
1671
8375
3807
5030
2102
539
9552
4713
7222
2325
8958
4655
2294
7566
1441
642
1963
7057
8733
1752
5344
2198
2076
9569
2559
9057
4171
8983
3981
5919
208
4998
5661
5210
4535
5404
2799
7262
4584
2466
3988
9198
8501
9169
7336
4029
4975
9499
9195
5016
5155
7247
7085
5239
4367
3631
3265
946
1354
633
9313
6032
2561
8166
314
2954
5183
1753
534
9673
9116
3349
410
2358
7337
4885
2386
6531
9922
2881
9361
9470
9275
8534
6837
1882
122
6638
3235
1123
3530
1617
1925
9239
2170
5547
4521
9621
1452
7455
5350
9302
4073
5213
2300
3048
662
7341
2892
890
5264
9163
9971
749
6585
2073
490
6756
6093
1563
4762
7962
8286
7558
7526
3143
2149
1944
3151
3925
7119
7868
4539
4575
3607
3479
1788
648
6157
2911
7107
837
6153
9925
7243
3699
7141
4034
4981
2137
6596
8872
3739
2372
4765
9921
7648
1031
8586
8954
8875
590
4567
7883
8885
4764
4180
796
7547
8891
2396
7802
1972
9395
4676
3773
440
1501
418
1624
5898
2494
7379
4693
9575
5034
651
5162
9642
4756
6900
5419
7038
7533
3370
8049
6232
3317
4574
6906
3798
2741
859
1198
3985
3276
1934
6955
4145
1284
3693
6556
1803
9487
2886
1335
6827
8825
429
6635
2408
6120
9048
1122
9087
7796
6874
5461
6673
5726
4803
6025
3724
2679
1150
5473
6681
3756
537
2545
2936
2281
6139
844
7620
1192
3454
8821
7784
7895
917
3584
5990
6028
8246
4627
7804
9168
2310
2008
396
992
834
5514
8405
5853
3422
3649
1780
1926
5278
8889
6986
3251
9765
354
2703
2011
440
7997
974
2117
3184
8970
4009
1272
3164
9511
9381
8069
2657
2859
755
2804
2676
7076
1695
2199
4703
2629
5014
6496
4747
5200
6835
5001
9914
9211
2995
5414
6274
9073
7908
9396
3671
9456
7901
4442
4404
8005
9603
1124
7893
9248
7586
8547
456
6541
9229
3491
2110
5166
2897
9536
9563
5278
2607
634
7787
5193
3062
1392
5683
582
9599
5068
5601
7942
1904
590
4379
5521
5590
2877
3427
5932
4426
5128
8354
878
7298
2549
9725
8125
491
1893
2530
3221
6406
9521
2684
4286
107
5937
7519
6516
4955
9102
7789
7476
5979
4857
5899
6296
493
9417
9654
5435
9631
3224
7381
613
37
2330
861
6192
7636
2550
8186
3452
8551
4146
7950
8817
7659
1186
5936
6998
2663
2722
9355
4301
7499
7834
7199
8503
7872
6170
7979
8430
409
8143
5884
3381
6398
9712
7222
9018
3921
1892
1698
9089
704
1944
925
7920
7682
2042
9037
7770
3785
5249
4693
6708
5217
4142
991
9315
3496
6809
4236
2894
5859
7099
2174
5948
7711
7039
4451
7178
7190
8788
9250
5954
8152
8387
8413
4170
1575
6793
6075
2378
5660
2490
1559
6549
1123
5237
5839
185
1635
7789
7964
9512
3717
6175
7207
4378
7019
3940
6989
8072
1213
3552
3663
4670
3024
2030
376
9132
1089
1962
5362
5277
1476
9232
1104
357
4060
655
5430
5842
7773
9770
4444
1761
6604
9649
7848
5319
8395
7562
7775
1737
1333
9067
5419
3360
5466
775
6295
4653
8173
9703
1424
342
2407
4248
7753
1769
1688
4215
2209
3796
2041
3755
4402
7100
7469
2210
8181
2929
475
9387
7680
9876
1739
3673
2304
4335
1447
3336
5963
8439
4094
117
5633
9061
7165
6927
7619
3927
4674
7751
4735
9316
1201
1468
3554
3049
3535
4989
1812
7601
4161
3506
5487
640
1993
2882
6084
560
628
2970
7226
5885
9519
8952
4242
4476
7323
9417
7676
3854
7619
2119
9934
6241
7258
4116
944
3634
763
8662
9123
7509
3517
8560
2892
6915
2121
8585
5723
542
7811
3116
1528
1844
6282
6410
1393
2715
7539
1991
1581
2463
6546
7010
4308
6173
2675
9836
77
4915
2447
7104
3301
8545
3040
6274
3110
6066
2449
8799
8303
2306
3807
7249
5337
5412
7584
5552
6306
2828
5489
1208
683
9735
8398
6342
8679
2617
870
8333
7816
1148
5252
3378
3369
5580
1649
6957
4281
1399
8855
8945
4947
9673
2576
68
4304
9006
4114
2487
3538
5701
4183
5096
1647
6710
6620
1520
6881
5826
1884
2926
7056
5890
9674
6030
2659
7084
9365
4442
9488
573
8587
729
4293
9126
5888
9855
8336
7893
2596
7490
1559
1349
1452
5107
6256
9677
9410
2806
9929
5498
4352
2815
570
4741
2120
8180
9107
3483
3681
4305
9704
1541
3415
997
2818
9861
9739
1530
7636
192
3130
9865
1088
7278
9132
4306
2820
941
2181
4925
3399
2767
2198
2427
8957
8649
6121
790
1441
35
6741
4089
1279
1072
3479
7505
9981
10000
6918
3315
2783
1505
8056
7228
4487
2444
9328
3417
8831
4522
4883
2720
8383
7728
5840
8847
5884
7304
8613
8062
5667
7412
2910
8751
7734
4017
7907
5071
2590
1496
5850
2364
8129
4769
1533
1219
8475
4987
9449
6606
9518
69
127
3685
499
2766
1971
718
1082
8834
9611
3380
1711
5785
3431
5148
3991
2083
2719
9810
7238
245
4577
5497
1384
8569
5637
5859
2556
2383
8272
1101
8724
8061
4907
6570
7466
8194
9688
9870
5996
1414
8677
5567
7261
1255
5385
3054
8645
3460
6380
3772
896
3684
5945
3126
5381
5681
2302
8896
8075
9266
7295
3594
851
776
5595
7952
3532
9776
3422
9549
910
6820
9537
3539
2315
6539
4742
3461
3659
9718
2289
3893
8522
8128
5586
1479
5652
4441
3240
4948
9378
6843
9078
6674
3204
8973
418
1067
4687
5752
2263
3360
9123
6580
177
8107
5778
5992
5283
1438
3920
6836
6148
864
2791
4704
7929
1012
3941
1640
8688
211
2646
8227
8625
4720
9778
12
6718
4824
4385
5217
7527
984
5432
5207
1403
1523
6711
2295
5019
59
3351
1765
6085
4806
9703
8313
2420
167
1279
3125
4610
9917
8925
3082
4806
8418
6064
3702
2108
1918
3442
5263
8716
433
1877
4114
9410
5517
658
7356
942
8709
7397
4636
1255
3443
5008
6612
2570
4749
5936
1891
6857
8634
8840
4096
3062
9347
3951
4250
7784
4754
4106
7415
7760
3579
6626
6847
1186
7822
7258
2948
8224
9925
1107
5989
2985
5767
1256
9863
4123
1247
4081
4143
1467
6237
8339
8820
5739
7616
7989
6539
9348
2717
1931
8354
6912
5094
7404
2685
3142
6788
6146
371
6642
5842
4706
1781
6885
8927
3753
7644
4608
3225
3851
8436
641
5284
2606
2506
8786
7278
7391
4680
9671
1167
1649
1581
7866
5237
7257
1129
7477
6749
3061
2934
1643
6793
6780
233
5055
7357
6070
5281
434
3533
2024
9080
7467
7840
4616
6502
8180
7626
838
254
5776
1763
981
1775
8694
4371
7820
9429
2839
7372
5091
2952
990
9051
5468
9220
8736
1304
4909
3630
2277
8004
9365
135
1508
2662
3923
7951
6871
5097
9452
7715
9912
6482
9545
4198
1559
6712
6941
6570
601
779
669
3553
5892
5101
8867
2120
7367
97
8846
7902
5219
4837
2203
8701
2618
7599
4403
8515
6326
2112
924
1774
531
8332
7288
2486
2857
676
4980
694
4232
9873
4768
6286
4417
8912
935
9620
2866
6022
1362
2590
2061
9202
3301
124
3043
5498
4430
701
7923
2661
3350
4025
7599
7505
3734
2127
9038
1981
1169
9657
4221
1979
356
7586
6915
9906
4922
3448
553
9615
9378
6604
1808
982
3094
6576
1738
3681
5473
8806
8038
3587
8334
7585
7262
2560
103
6071
7615
4480
1651
8339
8277
8900
7102
6191
1621
9537
1456
2166
2172
5688
9744
9854
8498
5265
622
4819
2856
7144
621
1042
5630
5279
8449
2742
624
8016
3117
1148
3192
601
8621
6094
2927
4
5508
3068
5451
8641
2589
5542
3923
7754
7421
4139
828
4439
2967
7923
465
2095
6409
9504
3513
7802
2476
3618
6307
5569
5508
710
7361
5762
5385
148
1389
7279
8160
7464
1714
5661
7553
4901
3467
7030
7618
9844
6957
7100
8163
7373
6149
4608
6641
120
2920
1000
5113
9708
4548
1439
2791
2748
4701
1937
6764
8060
1658
8018
1928
7038
984
2838
2023
2323
4950
2576
1650
1460
2754
4184
1185
3817
3720
6382
9875
8578
1119
5780
511
1606
7388
8977
5134
8900
4532
1504
6040
5332
6588
3835
4978
4445
8894
1675
2364
1919
4641
3091
8027
6876
5689
3391
180
9969
7398
2389
6334
5866
2339
7934
3746
2338
6396
2359
8324
6783
8110
1346
948
3532
6989
464
4385
7417
8454
7904
2573
3182
4345
3016
5795
8895
5476
7655
7160
1558
376
4303
553
8642
2420
655
7909
8653
8496
8594
6839
4197
9311
9026
137
6509
4983
8366
1794
6064
3942
1944
7133
5539
5483
88
2999
3114
9111
4313
4084
8765
6389
5458
4688
7805
1582
3469
3046
7010
6704
1091
5003
2785
3644
5329
37
7600
8026
716
5910
3234
8419
8359
587
2120
9679
4505
5872
4527
7702
5152
7527
7615
638
4016
6170
7043
8221
561
3745
5181
1251
7401
8421
2881
4606
6326
6007
7569
9566
9331
121
6836
8784
8015
8559
8695
465
3793
1498
4025
5281
1683
8870
1124
4765
2116
6914
2861
8158
4787
7195
9751
5609
8710
3519
4333
1704
7871
339
525
3672
3783
6300
641
8097
8102
3056
8878
388
7104
2913
1342
1719
9380
2136
5335
2145
2232
4600
4756
4701
2782
8513
1635
8116
4895
5899
1780
7327
9798
971
4139
5909
4982
302
2092
9693
7136
5022
364
1526
46
4770
485
7126
5118
4443
1976
3233
4910
6485
8624
4791
4635
4053
5221
5341
5762
2124
9285
8090
274
2717
6580
3170
2610
5193
189
1819
8461
6247
7649
5649
3141
9161
4835
15
2426
2835
2846
6058
3460
8381
652
4434
4139
8634
5918
7456
6780
3079
563
7001
7297
5874
1638
6323
3034
2191
3601
3702
7378
2157
3983
3991
8820
1114
7557
6587
3518
5813
8879
5351
8129
5283
3918
9323
4327
4700
3795
5747
7550
7743
3424
7714
8970
6667
6065
9601
6689
4663
1298
2479
3676
2199
7400
4638
5892
6737
6536
7645
9565
1225
8102
6231
7144
5048
189
3559
4273
9673
644
645
257
7316
5002
1454
1896
9093
8294
5535
9139
4571
8339
9051
1662
9378
3456
1995
1885
2946
6154
6042
5543
6101
533
6782
2153
4113
3676
3530
6232
9212
3194
2567
6617
8347
8041
1720
9884
2120
6869
3735
9190
7976
9241
4222
7850
4093
8616
2270
4807
148
2548
5178
5087
515
2235
3933
6852
9608
3999
9117
6041
2151
3832
5053
2872
1355
1914
9097
6457
6771
5846
8579
7474
2624
5521
1846
1942
3966
4283
3007
976
8543
4726
3634
7386
5509
7458
5494
1149
4348
5189
9651
9351
2408
1214
8281
2529
3106
9936
2714
1384
9833
7810
4083
1445
4227
881
9147
3221
2377
4420
7010
1968
9684
9064
3296
6922
5533
70
5520
1538
5827
3839
4107
7052
5010
7838
9422
5140
8465
6030
3256
3430
4485
1743
137
8452
7183
4628
9501
9944
5376
7166
5603
3355
819
1251
7637
3798
4019
6085
7100
9101
116
3977
4884
8097
3427
3234
2760
1028
5679
2077
6474
8309
75
9590
1728
2423
7732
3770
6151
8173
8121
8932
1917
3052
3193
1929
4785
5326
1505
541
7388
1076
726
6397
2636
4344
8379
1469
680
3254
236
1340
4987
3430
528
6410
7436
5189
560
1243
5659
2311
8580
4426
9101
7807
2644
3501
4110
45
8230
829
19
7680
1680
5584
7467
8885
2274
3771
4
4751
3068
7618
5424
160
294
7025
3343
5628
9175
6214
6549
9325
8783
5378
7249
496
4818
7944
5819
6032
2964
4819
1458
5974
5960
8084
3548
4317
9672
3533
3892
5639
6518
9474
4245
9059
9683
7349
5493
8701
3229
2304
685
7607
2312
9911
8693
4686
4025
7214
138
2345
7426
6072
5010
2857
40
9463
701
4128
468
6915
3408
932
3377
5036
9533
2434
7412
2135
4513
3322
800
9965
4953
3833
3771
5473
4104
6937
2451
5228
7746
3220
5526
269
2256
3475
6184
4800
1655
1151
6411
5823
273
6560
408
9463
5651
1562
2434
68
1747
2174
1602
3100
6761
6662
4379
8246
3455
2997
6001
5011
8618
6928
8606
3916
9265
6188
4648
5033
7426
4473
362
9474
4296
7945
3547
3863
6895
298
7260
3093
8449
2083
824
6962
9602
4179
9128
7135
3113
8445
9104
3412
9545
3900
5354
3007
9735
9721
5125
6094
7118
5295
3397
3146
730
6235
9206
5999
7884
5972
1850
3402
7192
6341
8679
6255
8121
7173
5913
7148
7273
1676
7919
3879
1837
2674
296
1069
9531
4152
5181
8048
2631
3709
8347
3124
5235
4927
5076
7921
6688
2823
669
3568
7195
59
1534
3845
9749
9217
2397
2279
9913
6153
4672
7712
1091
6226
104
5620
8704
265
154
617
5333
4419
8744
3974
1922
6784
7411
9669
5802
1282
6105
6586
3310
6509
1924
6380
1200
2876
9200
8790
9251
3251
1766
1231
8969
2953
8066
8054
9591
6720
221
2261
3573
6905
4190
5884
828
221
802
3453
4137
3381
1556
3728
3867
5345
8763
2764
3033
9918
583
1181
5193
3291
5799
3250
6353
7917
8148
3245
9685
1181
6830
361
66
8798
8145
4688
4068
3501
5899
4737
9528
7402
9215
59
3810
7094
8717
2471
6605
37
4885
18
2089
4805
9755
7199
4624
4713
7123
9546
898
1904
1319
2713
379
9418
4022
6083
7410
6441
2656
7978
1571
612
4384
2908
7899
2937
8528
182
4385
4009
963
1159
8958
9848
2656
8593
2832
4804
1204
2751
443
2840
1457
7518
76
3457
1786
1343
5441
3981
6392
2601
2637
4483
4574
9563
2627
9478
7338
7398
5383
7797
9308
9383
549
9343
9558
2634
2533
2702
6485
9872
5434
5398
9045
5992
9852
9641
6194
3786
1677
3527
8446
4309
3461
1225
574
3591
2307
9407
3913
2098
4431
8797
4789
847
902
7092
6156
9015
6810
8661
3678
8757
2826
6905
28
238
6683
1951
9200
5874
8202
2274
9711
5699
3906
7545
59
3673
4846
8318
4982
8611
3369
5733
7964
4974
5001
9482
4318
6479
2077
8455
2825
8680
3895
3944
8933
8435
6627
9391
4689
8006
217
6167
4853
1985
5210
450
9313
5568
6812
6273
1749
7413
3084
5981
4668
9648
5559
1800
5248
5480
9946
9929
6849
793
6177
7934
1525
7973
7954
5392
9090
1146
7233
6538
61
8425
4781
2894
4555
9478
99
8335
4656
9902
8221
7748
1088
4652
4231
187
4372
4433
5261
5599
7032
7519
293
1093
5337
2728
7680
8707
2326
361
6407
9011
6077
2700
951
3645
6411
9298
7993
2993
6893
2171
1311
4909
8149
966
5326
7439
7545
8277
5014
1538
5427
3796
6079
6108
9229
2766
382
8338
8138
9944
6871
8274
6985
8218
689
761
5534
2496
3913
6247
8426
6696
5872
8557
8256
4450
8235
8758
621
5369
7906
5617
4708
1648
4991
7302
9852
394
2426
1578
2405
9160
3569
7333
9988
9753
7513
5123
5175
5417
7936
7604
9697
8179
2792
2799
4761
2053
2849
4244
1848
4281
84
2197
3082
7942
6102
5229
9897
6382
1766
866
9225
5310
2803
9671
6531
9926
3943
4200
3089
3814
3122
5709
3952
6874
5798
2364
9969
1770
221
8666
447
7419
8954
3300
9363
7748
5763
2485
6461
3109
3922
387
6180
5051
6833
5987
615
5106
1007
5358
5160
9810
7349
8288
10
6762
3432
3660
6012
665
7232
7859
968
6843
9030
1766
1837
4320
8311
7482
9611
6564
4261
9731
2433
209
7696
2456
3257
2366
5993
2718
2272
1473
9694
630
3393
840
6663
6796
4626
9717
5084
3826
1112
4159
8955
7368
2953
783
8102
8301
4775
3711
232
5574
3450
6097
8793
1684
1666
9551
1243
6037
1040
4224
1998
5211
140
4920
8883
3169
4600
7697
3257
1481
3226
148
3097
9504
6088
4305
5849
3023
8617
887
7422
8274
9881
2219
6842
4670
9245
9802
4772
1782
414
2509
2345
7618
3956
8309
2225
5317
6896
5130
5874
8897
6002
9667
6276
1858
1430
6838
5075
5984
2471
734
5089
3227
9702
5142
1563
9125
5946
1555
5874
6195
2830
3307
1917
3197
955
1264
9880
9638
5890
5903
2252
1422
5741
8340
5411
9652
811
3396
4750
5589
1133
7844
1380
8147
2462
5184
5194
918
2137
3406
8224
8345
4616
2356
2051
2393
9723
1421
7090
242
4995
4785
6280
7166
9990
8199
9585
7519
5218
8930
3173
9750
2558
4089
9512
3526
2669
4704
9976
1702
7333
7941
8212
9526
1649
7028
7488
8004
725
3483
4284
255
148
4610
6087
7154
8599
7673
7004
7257
8903
6490
1298
3150
9808
2406
1664
7930
5400
8600
5449
5826
7684
1086
601
3920
7739
2798
5814
5202
9954
2715
118
4123
6692
556
7853
5047
5027
6552
9920
8017
9211
3920
7211
8047
8468
5242
334
6170
5306
6475
840
1481
4506
4445
4615
8915
1330
1916
5787
4777
3928
7674
1082
3703
8379
453
1218
5450
1063
3196
3854
7123
3953
9346
654
663
9414
2228
3336
1740
7576
8237
7477
2938
3426
6983
2476
7105
5126
5782
984
7244
6726
4033
4231
6900
2016
6518
7131
2900
2343
5331
1981
8074
2493
5978
3543
2873
4234
5266
3887
438
5814
7424
2783
2615
740
6011
7299
6448
4576
1427
3683
1805
4874
9886
4523
3559
2873
277
1921
130
5595
8354
5352
2061
8379
8830
4512
6236
9319
6828
1503
8035
1159
3600
4329
5395
5005
2698
2254
1796
7916
1045
6268
9977
6574
4879
6278
6084
8614
9929
4304
4936
1795
5953
5520
3125
8434
1434
5951
7188
5507
5925
3955
3936
7180
6357
5790
9058
4679
8083
5696
1979
2817
2515
5452
8261
8269
8324
4350
6203
1681
3940
1908
3470
1648
5525
3374
4224
8347
7065
2727
148
6105
1522
313
5512
6496
2715
1248
2712
9297
1502
2778
270
1254
1707
2792
7586
2401
7793
6393
1737
8390
8557
3298
2081
5301
3996
5190
4599
2352
9410
528
7208
6536
5220
1761
6097
4864
6025
2715
7467
7839
1959
2337
4524
8189
1669
9543
6569
9411
6281
9668
1283
6511
2365
4385
4067
6964
2570
1016
3341
1351
2568
6753
3447
5596
9977
7049
538
2631
8752
4192
3313
7639
1222
4778
1444
9223
261
8005
1192
756
8960
2683
1923
9241
6861
5944
8236
4592
4145
6854
2292
2238
4919
3772
1237
1097
8091
1884
5426
9474
1460
9817
169
4415
7804
5317
9227
3376
2190
9056
9955
4714
6635
1880
2959
8933
1916
557
6306
5044
4721
7764
612
6584
298
5598
6277
5696
2763
7259
1471
2216
4115
7362
7626
2756
8859
6389
7209
7442
749
9753
4836
7074
6518
9306
7914
7748
4208
8485
9325
3801
662
833
5861
7324
4398
4164
1016
3680
3759
3887
1984
7296
5040
4625
7946
6476
2824
41
9131
4766
5157
7176
2578
8963
1913
3346
7435
4200
7268
1579
3450
3843
6247
5506
6309
8816
6845
9535
7499
8197
166
8331
5123
3907
6898
6798
9483
8168
7520
3105
9915
6095
6719
3642
7747
2546
1257
7414
7888
8919
3024
9983
2963
3791
8734
8568
2861
5539
6436
4069
3047
3444
8733
826
9135
9827
5534
9309
4629
7427
8887
4056
2504
1965
9255
5508
4513
1231
6418
4282
1480
5557
6826
9682
4746
4417
3191
4316
1700
1331
1737
2364
8518
6097
4607
9955
6229
2578
1295
4578
5294
9527
3143
191
1617
6470
1821
6485
8233
7417
1139
7847
4975
2679
2445
4639
7185
2554
9897
6299
4085
9804
861
1379
1757
186
7048
6613
8374
5210
7562
3031
1445
8565
7252
9555
4260
4522
5549
1024
9591
2172
2814
399
7547
3987
3928
1940
4742
714
1637
3615
2098
7113
2828
9149
9454
1896
1256
7525
4353
5055
5187
1367
8258
1265
3546
5040
1422
3803
5412
1595
9461
4366
7441
2210
1716
9365
6756
2517
2651
7966
1761
9101
8345
1292
1697
907
8941
1883
2840
7910
2686
8278
108
174
7172
5714
473
4827
4126
2688
981
4809
9058
6549
3899
4099
7362
9179
5660
3296
2112
9900
308
5316
3609
9240
6653
7415
7599
1850
1902
7572
3308
3438
8463
4140
5254
2528
95
667
1630
5328
634
6806
6806
7826
1286
2178
3326
6989
7902
7904
4182
8913
2089
8249
9100
5856
9317
3541
6372
5589
7141
5081
4173
3237
2565
5979
3886
4817
6614
3717
4815
6514
7178
4893
1810
454
178
2551
8558
9571
5575
232
6629
6789
9373
7506
5320
5895
9172
2938
7603
9742
7837
2292
3776
3846
1205
2145
4098
1153
9808
7817
955
9875
6472
7436
4604
8015
2932
7253
5045
4322
8624
748
7971
1774
341
2806
7494
3879
9596
3541
2697
3183
2694
862
2790
2125
8055
9654
3160
3218
7721
3269
3452
9489
6170
7173
9098
2551
7148
3686
8796
1326
4287
1051
2812
636
6596
6506
1158
5140
7795
6781
6255
6061
7872
1342
9792
7218
6633
731
8728
9270
565
6286
7107
2473
1557
1604
3231
8453
4405
2135
680
2465
2722
3470
5804
4875
8806
422
6884
5992
8247
9167
7069
4134
5696
6494
7646
3904
3503
1428
9611
522
7333
2634
5556
9803
4312
6129
1327
8896
1717
6114
1362
4497
6786
620
6883
6049
1729
1090
5703
789
563
7220
6776
5975
8862
8788
2553
471
7431
8524
6132
4214
7518
1825
1223
9831
9816
8837
9412
6892
1357
2221
4972
7608
7251
2359
4237
5675
34
7610
2535
2457
5907
340
5114
7461
3269
5500
4889
6675
6112
1386
1368
6921
7496
7230
6896
3198
3541
2369
8401
3151
605
7974
7271
8318
3230
7312
1965
6023
9605
9197
297
3484
541
7213
2580
845
4346
701
7675
7469
1579
7826
3954
5219
2163
1098
1449
8066
7616
2694
652
925
1786
7523
1719
9548
4024
1906
4631
3012
8145
6131
3331
3888
1474
3234
4803
4521
2074
353
1649
1407
2758
8488
7171
9092
7273
6169
5827
8295
432
8588
7256
2983
3692
9263
6729
1902
4090
2957
5081
1145
5613
8723
9969
3515
9862
670
5993
3941
93
1224
3462
6509
2385
168
5753
5479
8295
7616
3127
7236
4728
3479
9147
1159
4877
9338
6512
5595
1152
3865
7371
4718
6838
8092
5422
9436
9952
4264
5376
8779
1589
8028
6929
2718
8036
9086
8625
9470
1373
1692
8067
5299
9511
175
791
9620
375
8918
9357
5323
95
5774
8822
430
2164
9097
828
8386
806
2000
408
2403
1447
1993
5533
5724
1580
4620
5820
9758
1435
6358
3668
5668
475
5334
4105
2965
2878
5382
1539
2107
2898
9634
7604
1197
8260
65
3976
2738
3994
7234
1774
2679
7391
7048
8108
7823
1774
6504
6701
6573
4421
8244
9457
2693
7232
1112
5090
9643
3950
9378
7128
9423
6181
1682
8705
5765
3724
3686
5216
7315
3610
5179
4994
478
5336
5651
8233
6106
7952
4199
7976
6259
4792
5164
1575
6924
3336
1614
6923
4527
872
2914
7446
9373
5944
1482
7472
9568
309
2207
3315
9518
4180
7631
5499
8628
6885
5834
1817
565
3557
1839
2663
6220
268
3708
4640
3338
821
3137
7511
3163
5352
9277
9991
387
8787
8414
3002
753
4247
3188
7664
2003
5818
9211
2425
3853
3936
6173
7754
902
545
6190
7484
2405
4435
3743
4966
4726
7040
7303
8186
5368
6504
6142
8513
4226
4197
5331
5736
7141
2916
373
5669
3722
189
1670
2750
8899
8410
775
2991
3816
2144
984
1932
7906
6058
9332
8334
3946
2595
8646
1643
4461
4351
479
6923
1113
4571
3663
2188
4238
949
8567
198
6659
3023
9293
9110
8411
2841
3736
3094
8321
5962
5331
3626
8603
9667
4414
7937
7250
5987
5535
3749
6576
7333
5922
7499
7778
2379
2146
9881
3339
1547
822
1951
5922
8828
7072
2739
425
8128
9402
7943
3730
4000
8000
4476
5287
7717
6851
6208
485
7861
5541
6093
8081
6334
6879
9515
2612
8770
5864
9769
7219
541
2956
8070
6806
3880
2317
4326
2142
6627
4665
4669
9853
125
8965
4689
343
9857
5930
9930
3787
4901
3712
3600
3411
168
7746
6897
3096
3521
7988
2489
95
5991
782
5921
1310
467
8511
8337
8080
8805
9611
8385
2202
6778
496
9710
1649
2737
6222
6287
5721
3947
8054
5448
6987
9180
480
6767
4194
8968
8886
2930
8736
9484
6560
4397
1475
2450
70
3081
776
4446
6526
3468
663
7733
961
5686
1750
3897
2675
8022
3942
7434
4419
4101
752
4531
7218
1966
3353
6775
9026
1869
9448
8443
5978
9333
3078
3926
8556
6859
4714
1898
3050
5598
6855
8687
4478
6176
1520
4551
8696
6971
3289
1636
8958
3741
5772
1265
2250
2012
8407
9163
6286
7475
3843
4605
4259
9744
1357
1252
8196
6027
3066
3271
5069
4687
1551
5002
2265
9209
5518
8111
5530
8295
5239
406
9568
8171
7542
8584
6314
4917
2883
7217
7405
6459
5309
4857
7217
3492
4378
5650
8693
8249
8283
6562
8735
4222
9133
5048
8419
8452
739
2800
5147
6195
4861
1806
1646
3665
1174
5095
1000
2816
5847
6542
8802
6030
1779
3426
24
7724
8717
546
7242
4097
3496
7046
4853
3054
3937
210
6634
8639
6035
4058
2466
1566
5620
1556
6328
3617
1093
8060
7322
1137
6361
5189
7693
2021
5335
3278
8427
4328
6189
7522
1439
1946
1775
3101
7582
1109
3477
9553
8238
4304
812
1400
7140
1390
2567
4142
6082
1949
4800
9018
309
2957
7597
9706
5895
9218
9862
8110
6995
263
9516
6950
872
6841
8437
4425
4572
2570
3050
7246
3720
7268
3870
7671
1250
2959
2944
9644
2635
520
5284
5270
3042
4818
9960
4228
9508
5949
5259
2016
1737
2126
7457
4477
7960
6980
4705
681
6803
7895
6838
5639
6555
3813
1803
6001
2247
1349
876
237
8431
4311
7111
5521
4441
7302
1872
2624
7049
3133
3288
4633
5786
9396
7607
2164
5079
4644
3610
2443
3298
7444
8420
6640
6009
8178
6790
6798
7024
798
5323
3651
3109
9327
1295
1483
663
1650
7072
1716
1790
5329
8786
1621
9884
9369
8241
2278
1021
2643
9591
3731
7358
5110
4706
6246
7115
7641
7309
796
3765
1437
2269
3705
9065
4568
4925
5236
2873
3765
3483
4610
6364
8616
9246
5183
6110
6974
9907
1167
2363
7420
6384
8971
4348
9114
9105
1195
2074
3184
3861
5570
9597
8788
8997
7971
1265
6396
1098
1861
3280
2238
2900
8570
5168
7093
6103
4571
5513
1555
7837
3440
1977
4072
5620
5599
8266
3595
7082
2357
6811
3577
8973
2854
2541
4527
2617
8317
5551
5911
1277
6845
7000
7098
7105
6261
5406
2919
689
2220
7452
8895
11
8485
8823
8486
6634
1278
2835
4387
8872
3692
7897
7584
9715
911
8518
3986
6484
9411
9832
6256
6193
5171
8488
4700
2419
2918
3635
4993
4955
6183
7594
524
6043
9001
4628
4668
4024
4554
2552
1676
5597
7537
2818
8855
1269
87
967
3737
5034
7732
7072
781
3145
4744
7895
1702
4166
8671
3036
9376
6567
2672
8393
3397
7916
3792
9042
2533
5047
360
5772
4801
5127
7503
6902
6322
3601
3157
9598
5965
4320
3142
5758
2330
5370
9843
3967
3462
4972
5792
9304
6883
5607
365
7723
2424
7280
2330
6125
3660
8127
6985
2240
581
8904
8923
6704
4756
433
8447
3775
8202
4708
7166
4628
7494
4795
9561
307
6167
387
4276
3208
4326
1141
2394
882
5951
2073
482
1814
5181
9753
5485
3368
518
2726
6355
8296
7262
9127
5545
3611
5795
3472
8819
4904
2924
7438
5859
5881
1704
2227
3488
5693
5287
2933
5745
3731
9303
9388
9071
4163
5452
8832
4628
215
9005
8853
4351
3377
848
5218
5694
9480
2781
5294
8598
3705
8084
3374
4431
1604
5404
6056
7033
7889
2082
6098
8960
8285
7336
8090
3676
7753
9454
993
1460
7990
3917
6667
9702
6512
9317
3928
4673
9663
1742
6015
4383
3654
3945
9474
2171
7181
238
9048
1592
9546
9895
6112
138
8696
8901
6973
658
4803
5565
4642
5350
7450
9115
5602
8644
3594
6981
9942
7367
116
985
711
2604
2523
7859
5772
9836
172
7501
3950
1763
3610
2805
843
2714
1096
520
8483
5644
5766
9329
8369
8476
4425
2829
9102
9143
604
6124
4176
3744
1351
4729
9649
9224
8208
8771
2957
8793
6080
2756
1977
4137
9234
5230
1466
4323
804
1386
6301
5372
8656
7130
2504
7518
4317
5441
9979
347
509
4490
3071
4671
1640
5133
8715
6480
4808
2806
6242
1168
2788
1096
5328
2568
4662
6455
8625
5333
2440
747
1127
9294
9935
3303
3588
4057
7209
1040
7027
8064
8519
408
2761
5582
1293
4727
6493
75
2530
4352
1307
517
9562
1494
8788
9493
828
7467
5121
9860
5895
6955
266
6646
5821
3263
3492
2685
8309
9131
9916
4559
1242
4597
7492
9560
3806
7975
4111
7773
7969
3674
2397
276
3981
8074
5685
1160
5151
4112
9590
6160
5069
90
8106
501
8313
4566
5407
2164
9715
509
9164
7289
430
4204
7418
4712
2387
4891
8867
6346
3450
4108
2869
7820
6410
2769
1275
4245
2389
218
7050
3534
7571
20
2639
2579
4025
4074
5389
1873
687
3281
4836
6602
9563
6890
4221
612
9292
4266
9403
6398
7819
1692
6967
7212
1310
3280
9190
823
5960
7538
2723
2289
908
4931
1585
5895
3130
8838
5909
6290
5747
2533
616
9776
4622
6444
5403
2509
1995
1515
7024
8689
1644
6175
1019
9663
2576
5954
5113
7451
2246
3836
1962
5214
3796
8042
7007
2180
6159
4396
7496
2897
684
1688
2884
6028
3706
4679
4161
3086
7524
5785
7883
8977
667
5090
3120
5017
6894
2585
3870
349
6803
1113
5228
919
753
3554
8866
5914
4087
5160
7172
2201
1756
2323
4578
6347
5559
7562
2690
2939
9022
4198
3259
7544
8903
9713
3957
1021
4314
8809
4310
7055
3809
757
9438
1626
6417
7888
4614
8678
5637
627
5308
8689
8855
7807
1982
1262
1817
2520
2659
6889
275
5848
7249
2912
3359
9294
3096
7267
3499
2026
6246
3872
1665
8491
1671
1849
114
4412
5742
1926
3783
62
2330
3754
655
45
6336
9977
8047
1189
3821
2638
7826
568
4527
9852
5435
1427
1128
3904
9966
5957
6402
7305
3614
5949
1268
824
3176
9478
6870
3359
8683
9389
9794
9111
1362
4739
5080
8394
1416
2890
2781
9182
6472
102
4530
1648
9244
673
5503
7195
1014
8617
2008
5223
9269
5419
1573
7224
9801
9918
3023
6942
1788
9044
9453
2569
7997
6720
6023
3937
5677
5221
5698
8195
5024
6519
7510
4037
1506
1451
9962
9131
7833
4296
6361
450
4263
3634
537
8353
1823
2148
178
7930
8633
7137
2474
6246
6811
7860
900
6919
3266
3489
2648
3961
4181
9138
9398
2501
7307
916
6300
4654
4189
7786
8675
6481
3750
3439
6858
3861
7470
5986
7306
9001
9645
6484
4785
7941
1466
7601
7305
2086
4799
1539
7872
2783
758
394
7051
3079
8494
3534
9356
4318
3332
3516
9269
2227
8993
9185
5522
3613
9323
6947
7723
414
2257
3952
9342
9336
2591
5386
964
7345
7926
579
2747
6494
975
8775
3523
5844
8970
8657
4603
2927
433
8988
1743
2113
2611
4000
2831
5258
3782
5470
2448
2540
6739
2724
4215
3265
3166
5987
2995
5085
389
4842
6506
4003
5435
2600
9036
7281
9453
895
673
1369
6757
2837
1883
6652
7419
169
4606
7621
6920
4763
2159
1149
7389
6421
2609
3727
5217
8012
6127
6683
2486
7725
5479
2363
6064
2054
7482
4678
2790
490
7565
9155
1360
7902
7434
2928
7618
622
4951
8100
9280
7448
6410
8556
5192
3664
7846
9421
2047
5729
4967
5182
8713
2100
637
5202
1265
4740
664
8953
7086
1893
5207
6320
6078
2134
715
5688
2820
9965
296
2477
3202
2716
6857
2503
2871
8909
2059
6340
7438
6824
5192
844
5291
836
2541
1723
1746
2765
6818
2984
7814
5488
8435
1110
8593
5578
8932
182
775
3595
5639
8970
2980
53
5020
2026
952
6821
91
1216
9649
7494
116
1340
7701
4517
6505
9502
2365
271
7431
5372
672
3196
8251
3406
9822
8489
981
9168
5095
2559
9300
8721
9513
1915
5802
3500
5255
8410
5168
2283
2586
716
6136
871
6991
3388
4762
2367
2846
5921
3916
4597
95
3668
3433
639
915
3532
3832
159
7759
9773
9820
7249
2109
262
4960
966
4168
182
4235
3910
100
4943
3310
4744
1775
8343
7229
8587
6698
57
8210
6061
862
4566
5145
425
2192
9909
7620
3684
6423
1189
2640
7645
1858
1439
7518
7279
2697
2666
7538
4462
4158
6904
5022
4735
9508
3806
8204
2936
5488
7233
527
8904
4154
4734
2044
3199
4688
2288
1494
8611
2531
3714
1969
1081
1252
3890
6830
663
4486
3490
5979
7977
3009
2032
9856
503
3461
7320
1261
6002
4238
7099
7760
86
5944
2043
8230
8346
1310
8959
5269
3768
4130
9418
6441
8162
1669
7355
2382
8890
4794
3007
6120
8285
4704
1945
8660
2545
8726
2390
2342
4333
9687
644
7706
7134
302
1489
3963
8518
1622
6007
201
3848
3017
